V1.1,V2.1,V3.1,V4.1,V5.1,V6.1,V1.2,V2.2,V3.2,V4.2,V5.2,V6.2
0.0831260154128254,-0.0119277311955805,0.00799110229551699,0.00859111067586908,-0.0398484103370858,-0.0561819531330538,0.0831260154128254,-0.0119277311955805,0.00799110229551699,0.00859111067586908,-0.0398484103370858,-0.0561819531330538
-0.0119277311955805,0.0898106267047351,0.00128874446992205,-0.010755694977212,0.0526447800160747,-0.0432326634152179,-0.0119277311955805,0.0898106267047351,0.00128874446992205,-0.010755694977212,0.0526447800160747,-0.0432326634152179
0.00799110229551699,0.00128874446992205,0.0746807445410437,0.00868421945061732,-0.0396133728486466,-0.0126793023200324,0.00799110229551699,0.00128874446992205,0.0746807445410437,0.00868421945061732,-0.0396133728486466,-0.0126793023200324
0.00859111067586908,-0.010755694977212,0.00868421945061732,0.0138983320563271,-0.00502720908248544,0.00342793966640013,0.00859111067586908,-0.010755694977212,0.00868421945061732,0.0138983320563271,-0.00502720908248544,0.00342793966640013
-0.0398484103370858,0.0526447800160747,-0.0396133728486466,-0.00502720908248544,0.0880506900121561,0.00104551830706804,-0.0398484103370858,0.0526447800160747,-0.0396133728486466,-0.00502720908248544,0.0880506900121561,0.00104551830706804
-0.0561819531330538,-0.0432326634152179,-0.0126793023200324,0.00342793966640013,0.00104551830706804,0.0803896223076723,-0.0561819531330538,-0.0432326634152179,-0.0126793023200324,0.00342793966640013,0.00104551830706804,0.0803896223076723
