V1.1,V2.1,V3.1,V4.1,V5.1,V6.1,V1.2,V2.2,V3.2,V4.2,V5.2,V6.2,V1.3,V2.3,V3.3,V4.3,V5.3,V6.3,V1.4,V2.4,V3.4,V4.4,V5.4,V6.4,V1.5,V2.5,V3.5,V4.5,V5.5,V6.5,V1.6,V2.6,V3.6,V4.6,V5.6,V6.6,V1.7,V2.7,V3.7,V4.7,V5.7,V6.7,V1.8,V2.8,V3.8,V4.8,V5.8,V6.8,V1.9,V2.9,V3.9,V4.9,V5.9,V6.9,V1.10,V2.10,V3.10,V4.10,V5.10,V6.10
0.00569567178620283,-0.000769960241123543,-3.04223821275557e-05,0.00254561833622104,-0.00112534051825032,-0.00084835485741406,0.00569567178620283,-0.000769960241123543,-3.04223821275557e-05,0.00254561833622104,-0.00112534051825032,-0.00084835485741406,0.00569567178620283,-0.000769960241123543,-3.04223821275557e-05,0.00254561833622104,-0.00112534051825032,-0.00084835485741406,0.00569567178620283,-0.000769960241123543,-3.04223821275557e-05,0.00254561833622104,-0.00112534051825032,-0.00084835485741406,0.00569567178620283,-0.000769960241123543,-3.04223821275557e-05,0.00254561833622104,-0.00112534051825032,-0.00084835485741406,0.00569567178620283,-0.000769960241123543,-3.04223821275557e-05,0.00254561833622104,-0.00112534051825032,-0.00084835485741406,0.00569567178620283,-0.000769960241123543,-3.04223821275557e-05,0.00254561833622104,-0.00112534051825032,-0.00084835485741406,0.00569567178620283,-0.000769960241123543,-3.04223821275557e-05,0.00254561833622104,-0.00112534051825032,-0.00084835485741406,0.00569567178620283,-0.000769960241123543,-3.04223821275557e-05,0.00254561833622104,-0.00112534051825032,-0.00084835485741406,0.00569567178620283,-0.000769960241123543,-3.04223821275557e-05,0.00254561833622104,-0.00112534051825032,-0.00084835485741406
-0.000769960241123543,0.0149931046628188,0.0014853132008286,-0.000350436714306409,0.00601629197177809,-0.00460384125193214,-0.000769960241123543,0.0149931046628188,0.0014853132008286,-0.000350436714306409,0.00601629197177809,-0.00460384125193214,-0.000769960241123543,0.0149931046628188,0.0014853132008286,-0.000350436714306409,0.00601629197177809,-0.00460384125193214,-0.000769960241123543,0.0149931046628188,0.0014853132008286,-0.000350436714306409,0.00601629197177809,-0.00460384125193214,-0.000769960241123543,0.0149931046628188,0.0014853132008286,-0.000350436714306409,0.00601629197177809,-0.00460384125193214,-0.000769960241123543,0.0149931046628188,0.0014853132008286,-0.000350436714306409,0.00601629197177809,-0.00460384125193214,-0.000769960241123543,0.0149931046628188,0.0014853132008286,-0.000350436714306409,0.00601629197177809,-0.00460384125193214,-0.000769960241123543,0.0149931046628188,0.0014853132008286,-0.000350436714306409,0.00601629197177809,-0.00460384125193214,-0.000769960241123543,0.0149931046628188,0.0014853132008286,-0.000350436714306409,0.00601629197177809,-0.00460384125193214,-0.000769960241123543,0.0149931046628188,0.0014853132008286,-0.000350436714306409,0.00601629197177809,-0.00460384125193214
-3.04223821275557e-05,0.0014853132008286,0.0134046419408465,-0.00133067303315316,-0.00403475163566839,-0.00255801062111158,-3.04223821275557e-05,0.0014853132008286,0.0134046419408465,-0.00133067303315316,-0.00403475163566839,-0.00255801062111158,-3.04223821275557e-05,0.0014853132008286,0.0134046419408465,-0.00133067303315316,-0.00403475163566839,-0.00255801062111158,-3.04223821275557e-05,0.0014853132008286,0.0134046419408465,-0.00133067303315316,-0.00403475163566839,-0.00255801062111158,-3.04223821275557e-05,0.0014853132008286,0.0134046419408465,-0.00133067303315316,-0.00403475163566839,-0.00255801062111158,-3.04223821275557e-05,0.0014853132008286,0.0134046419408465,-0.00133067303315316,-0.00403475163566839,-0.00255801062111158,-3.04223821275557e-05,0.0014853132008286,0.0134046419408465,-0.00133067303315316,-0.00403475163566839,-0.00255801062111158,-3.04223821275557e-05,0.0014853132008286,0.0134046419408465,-0.00133067303315316,-0.00403475163566839,-0.00255801062111158,-3.04223821275557e-05,0.0014853132008286,0.0134046419408465,-0.00133067303315316,-0.00403475163566839,-0.00255801062111158,-3.04223821275557e-05,0.0014853132008286,0.0134046419408465,-0.00133067303315316,-0.00403475163566839,-0.00255801062111158
0.00254561833622104,-0.000350436714306409,-0.00133067303315316,0.00453784281218026,0.00188178876721995,0.000600323629752414,0.00254561833622104,-0.000350436714306409,-0.00133067303315316,0.00453784281218026,0.00188178876721995,0.000600323629752414,0.00254561833622104,-0.000350436714306409,-0.00133067303315316,0.00453784281218026,0.00188178876721995,0.000600323629752414,0.00254561833622104,-0.000350436714306409,-0.00133067303315316,0.00453784281218026,0.00188178876721995,0.000600323629752414,0.00254561833622104,-0.000350436714306409,-0.00133067303315316,0.00453784281218026,0.00188178876721995,0.000600323629752414,0.00254561833622104,-0.000350436714306409,-0.00133067303315316,0.00453784281218026,0.00188178876721995,0.000600323629752414,0.00254561833622104,-0.000350436714306409,-0.00133067303315316,0.00453784281218026,0.00188178876721995,0.000600323629752414,0.00254561833622104,-0.000350436714306409,-0.00133067303315316,0.00453784281218026,0.00188178876721995,0.000600323629752414,0.00254561833622104,-0.000350436714306409,-0.00133067303315316,0.00453784281218026,0.00188178876721995,0.000600323629752414,0.00254561833622104,-0.000350436714306409,-0.00133067303315316,0.00453784281218026,0.00188178876721995,0.000600323629752414
-0.00112534051825032,0.00601629197177809,-0.00403475163566839,0.00188178876721995,0.0177288897612805,-0.00192265988867075,-0.00112534051825032,0.00601629197177809,-0.00403475163566839,0.00188178876721995,0.0177288897612805,-0.00192265988867075,-0.00112534051825032,0.00601629197177809,-0.00403475163566839,0.00188178876721995,0.0177288897612805,-0.00192265988867075,-0.00112534051825032,0.00601629197177809,-0.00403475163566839,0.00188178876721995,0.0177288897612805,-0.00192265988867075,-0.00112534051825032,0.00601629197177809,-0.00403475163566839,0.00188178876721995,0.0177288897612805,-0.00192265988867075,-0.00112534051825032,0.00601629197177809,-0.00403475163566839,0.00188178876721995,0.0177288897612805,-0.00192265988867075,-0.00112534051825032,0.00601629197177809,-0.00403475163566839,0.00188178876721995,0.0177288897612805,-0.00192265988867075,-0.00112534051825032,0.00601629197177809,-0.00403475163566839,0.00188178876721995,0.0177288897612805,-0.00192265988867075,-0.00112534051825032,0.00601629197177809,-0.00403475163566839,0.00188178876721995,0.0177288897612805,-0.00192265988867075,-0.00112534051825032,0.00601629197177809,-0.00403475163566839,0.00188178876721995,0.0177288897612805,-0.00192265988867075
-0.00084835485741406,-0.00460384125193214,-0.00255801062111158,0.000600323629752414,-0.00192265988867075,0.00797667492373537,-0.00084835485741406,-0.00460384125193214,-0.00255801062111158,0.000600323629752414,-0.00192265988867075,0.00797667492373537,-0.00084835485741406,-0.00460384125193214,-0.00255801062111158,0.000600323629752414,-0.00192265988867075,0.00797667492373537,-0.00084835485741406,-0.00460384125193214,-0.00255801062111158,0.000600323629752414,-0.00192265988867075,0.00797667492373537,-0.00084835485741406,-0.00460384125193214,-0.00255801062111158,0.000600323629752414,-0.00192265988867075,0.00797667492373537,-0.00084835485741406,-0.00460384125193214,-0.00255801062111158,0.000600323629752414,-0.00192265988867075,0.00797667492373537,-0.00084835485741406,-0.00460384125193214,-0.00255801062111158,0.000600323629752414,-0.00192265988867075,0.00797667492373537,-0.00084835485741406,-0.00460384125193214,-0.00255801062111158,0.000600323629752414,-0.00192265988867075,0.00797667492373537,-0.00084835485741406,-0.00460384125193214,-0.00255801062111158,0.000600323629752414,-0.00192265988867075,0.00797667492373537,-0.00084835485741406,-0.00460384125193214,-0.00255801062111158,0.000600323629752414,-0.00192265988867075,0.00797667492373537
