V1.1,V2.1,V3.1,V4.1,V5.1,V6.1,V1.2,V2.2,V3.2,V4.2,V5.2,V6.2,V1.3,V2.3,V3.3,V4.3,V5.3,V6.3,V1.4,V2.4,V3.4,V4.4,V5.4,V6.4
0.0222289643139744,-0.023490847199234,-0.018386740774179,0.00373750855492649,-0.00793321832539604,-0.00103462069883368,0.0222289643139744,-0.023490847199234,-0.018386740774179,0.00373750855492649,-0.00793321832539604,-0.00103462069883368,0.0222289643139744,-0.023490847199234,-0.018386740774179,0.00373750855492649,-0.00793321832539604,-0.00103462069883368,0.0222289643139744,-0.023490847199234,-0.018386740774179,0.00373750855492649,-0.00793321832539604,-0.00103462069883368
-0.023490847199234,0.087665304002797,-0.00369081969122362,-0.0118520593059516,0.0586643029370334,-0.0329221689720689,-0.023490847199234,0.087665304002797,-0.00369081969122362,-0.0118520593059516,0.0586643029370334,-0.0329221689720689,-0.023490847199234,0.087665304002797,-0.00369081969122362,-0.0118520593059516,0.0586643029370334,-0.0329221689720689,-0.023490847199234,0.087665304002797,-0.00369081969122362,-0.0118520593059516,0.0586643029370334,-0.0329221689720689
-0.018386740774179,-0.00369081969122362,0.0632305331703541,0.00663460443076606,-0.0257365585869096,0.0112261255885141,-0.018386740774179,-0.00369081969122362,0.0632305331703541,0.00663460443076606,-0.0257365585869096,0.0112261255885141,-0.018386740774179,-0.00369081969122362,0.0632305331703541,0.00663460443076606,-0.0257365585869096,0.0112261255885141,-0.018386740774179,-0.00369081969122362,0.0632305331703541,0.00663460443076606,-0.0257365585869096,0.0112261255885141
0.00373750855492649,-0.0118520593059516,0.00663460443076606,0.0135278187392009,-0.00263685248898745,0.00796010211982875,0.00373750855492649,-0.0118520593059516,0.00663460443076606,0.0135278187392009,-0.00263685248898745,0.00796010211982875,0.00373750855492649,-0.0118520593059516,0.00663460443076606,0.0135278187392009,-0.00263685248898745,0.00796010211982875,0.00373750855492649,-0.0118520593059516,0.00663460443076606,0.0135278187392009,-0.00263685248898745,0.00796010211982875
-0.00793321832539604,0.0586643029370334,-0.0257365585869096,-0.00263685248898745,0.071210495249685,-0.0279364120076518,-0.00793321832539604,0.0586643029370334,-0.0257365585869096,-0.00263685248898745,0.071210495249685,-0.0279364120076518,-0.00793321832539604,0.0586643029370334,-0.0257365585869096,-0.00263685248898745,0.071210495249685,-0.0279364120076518,-0.00793321832539604,0.0586643029370334,-0.0257365585869096,-0.00263685248898745,0.071210495249685,-0.0279364120076518
-0.00103462069883368,-0.0329221689720689,0.0112261255885141,0.00796010211982875,-0.0279364120076518,0.030660968455133,-0.00103462069883368,-0.0329221689720689,0.0112261255885141,0.00796010211982875,-0.0279364120076518,0.030660968455133,-0.00103462069883368,-0.0329221689720689,0.0112261255885141,0.00796010211982875,-0.0279364120076518,0.030660968455133,-0.00103462069883368,-0.0329221689720689,0.0112261255885141,0.00796010211982875,-0.0279364120076518,0.030660968455133
