V1.1,V2.1,V3.1,V4.1,V5.1,V6.1,V1.2,V2.2,V3.2,V4.2,V5.2,V6.2,V1.3,V2.3,V3.3,V4.3,V5.3,V6.3
0.0831171897973249,-0.0119162571683944,0.00798705390213976,0.00858852244419945,-0.039831096553163,-0.056188330647262,0.0831171897973249,-0.0119162571683944,0.00798705390213976,0.00858852244419945,-0.039831096553163,-0.056188330647262,0.0831171897973249,-0.0119162571683944,0.00798705390213976,0.00858852244419945,-0.039831096553163,-0.056188330647262
-0.0119162571683944,0.089799642933411,0.00128713565847065,-0.0107552845788969,0.052620953232089,-0.0432228505479774,-0.0119162571683944,0.089799642933411,0.00128713565847065,-0.0107552845788969,0.052620953232089,-0.0432228505479774,-0.0119162571683944,0.089799642933411,0.00128713565847065,-0.0107552845788969,0.052620953232089,-0.0432228505479774
0.00798705390213976,0.00128713565847065,0.0746783696038424,0.00867633613323897,-0.0396172493705358,-0.0126775337669404,0.00798705390213976,0.00128713565847065,0.0746783696038424,0.00867633613323897,-0.0396172493705358,-0.0126775337669404,0.00798705390213976,0.00128713565847065,0.0746783696038424,0.00867633613323897,-0.0396172493705358,-0.0126775337669404
0.00858852244419945,-0.0107552845788969,0.00867633613323897,0.0138885650828995,-0.00503451116056972,0.00343188771403816,0.00858852244419945,-0.0107552845788969,0.00867633613323897,0.0138885650828995,-0.00503451116056972,0.00343188771403816,0.00858852244419945,-0.0107552845788969,0.00867633613323897,0.0138885650828995,-0.00503451116056972,0.00343188771403816
-0.039831096553163,0.052620953232089,-0.0396172493705358,-0.00503451116056972,0.0880012459058764,0.00106580920923729,-0.039831096553163,0.052620953232089,-0.0396172493705358,-0.00503451116056972,0.0880012459058764,0.00106580920923729,-0.039831096553163,0.052620953232089,-0.0396172493705358,-0.00503451116056972,0.0880012459058764,0.00106580920923729
-0.056188330647262,-0.0432228505479774,-0.0126775337669404,0.00343188771403816,0.00106580920923729,0.0803812862032759,-0.056188330647262,-0.0432228505479774,-0.0126775337669404,0.00343188771403816,0.00106580920923729,0.0803812862032759,-0.056188330647262,-0.0432228505479774,-0.0126775337669404,0.00343188771403816,0.00106580920923729,0.0803812862032759
