V1.1,V2.1,V3.1,V4.1,V5.1,V6.1,V1.2,V2.2,V3.2,V4.2,V5.2,V6.2,V1.3,V2.3,V3.3,V4.3,V5.3,V6.3,V1.4,V2.4,V3.4,V4.4,V5.4,V6.4,V1.5,V2.5,V3.5,V4.5,V5.5,V6.5,V1.6,V2.6,V3.6,V4.6,V5.6,V6.6,V1.7,V2.7,V3.7,V4.7,V5.7,V6.7,V1.8,V2.8,V3.8,V4.8,V5.8,V6.8,V1.9,V2.9,V3.9,V4.9,V5.9,V6.9,V1.10,V2.10,V3.10,V4.10,V5.10,V6.10,V1.11,V2.11,V3.11,V4.11,V5.11,V6.11,V1.12,V2.12,V3.12,V4.12,V5.12,V6.12
0.00525249323642672,-0.000560923829800033,-0.000547401918171914,0.00265532917642331,0.000432995456629848,-0.000284853609121134,0.00525249323642672,-0.000560923829800033,-0.000547401918171914,0.00265532917642331,0.000432995456629848,-0.000284853609121134,0.00525249323642672,-0.000560923829800033,-0.000547401918171914,0.00265532917642331,0.000432995456629848,-0.000284853609121134,0.00525249323642672,-0.000560923829800033,-0.000547401918171914,0.00265532917642331,0.000432995456629848,-0.000284853609121134,0.00525249323642672,-0.000560923829800033,-0.000547401918171914,0.00265532917642331,0.000432995456629848,-0.000284853609121134,0.00525249323642672,-0.000560923829800033,-0.000547401918171914,0.00265532917642331,0.000432995456629848,-0.000284853609121134,0.00525249323642672,-0.000560923829800033,-0.000547401918171914,0.00265532917642331,0.000432995456629848,-0.000284853609121134,0.00525249323642672,-0.000560923829800033,-0.000547401918171914,0.00265532917642331,0.000432995456629848,-0.000284853609121134,0.00525249323642672,-0.000560923829800033,-0.000547401918171914,0.00265532917642331,0.000432995456629848,-0.000284853609121134,0.00525249323642672,-0.000560923829800033,-0.000547401918171914,0.00265532917642331,0.000432995456629848,-0.000284853609121134,0.00525249323642672,-0.000560923829800033,-0.000547401918171914,0.00265532917642331,0.000432995456629848,-0.000284853609121134,0.00525249323642672,-0.000560923829800033,-0.000547401918171914,0.00265532917642331,0.000432995456629848,-0.000284853609121134
-0.000560923829800033,0.0119826867968922,0.000835902820400354,-0.00100740286508565,0.00394672040418534,-0.00417349111827894,-0.000560923829800033,0.0119826867968922,0.000835902820400354,-0.00100740286508565,0.00394672040418534,-0.00417349111827894,-0.000560923829800033,0.0119826867968922,0.000835902820400354,-0.00100740286508565,0.00394672040418534,-0.00417349111827894,-0.000560923829800033,0.0119826867968922,0.000835902820400354,-0.00100740286508565,0.00394672040418534,-0.00417349111827894,-0.000560923829800033,0.0119826867968922,0.000835902820400354,-0.00100740286508565,0.00394672040418534,-0.00417349111827894,-0.000560923829800033,0.0119826867968922,0.000835902820400354,-0.00100740286508565,0.00394672040418534,-0.00417349111827894,-0.000560923829800033,0.0119826867968922,0.000835902820400354,-0.00100740286508565,0.00394672040418534,-0.00417349111827894,-0.000560923829800033,0.0119826867968922,0.000835902820400354,-0.00100740286508565,0.00394672040418534,-0.00417349111827894,-0.000560923829800033,0.0119826867968922,0.000835902820400354,-0.00100740286508565,0.00394672040418534,-0.00417349111827894,-0.000560923829800033,0.0119826867968922,0.000835902820400354,-0.00100740286508565,0.00394672040418534,-0.00417349111827894,-0.000560923829800033,0.0119826867968922,0.000835902820400354,-0.00100740286508565,0.00394672040418534,-0.00417349111827894,-0.000560923829800033,0.0119826867968922,0.000835902820400354,-0.00100740286508565,0.00394672040418534,-0.00417349111827894
-0.000547401918171914,0.000835902820400354,0.0120319140341263,-0.00107439433414727,-0.00250018473172616,-0.000809185544223556,-0.000547401918171914,0.000835902820400354,0.0120319140341263,-0.00107439433414727,-0.00250018473172616,-0.000809185544223556,-0.000547401918171914,0.000835902820400354,0.0120319140341263,-0.00107439433414727,-0.00250018473172616,-0.000809185544223556,-0.000547401918171914,0.000835902820400354,0.0120319140341263,-0.00107439433414727,-0.00250018473172616,-0.000809185544223556,-0.000547401918171914,0.000835902820400354,0.0120319140341263,-0.00107439433414727,-0.00250018473172616,-0.000809185544223556,-0.000547401918171914,0.000835902820400354,0.0120319140341263,-0.00107439433414727,-0.00250018473172616,-0.000809185544223556,-0.000547401918171914,0.000835902820400354,0.0120319140341263,-0.00107439433414727,-0.00250018473172616,-0.000809185544223556,-0.000547401918171914,0.000835902820400354,0.0120319140341263,-0.00107439433414727,-0.00250018473172616,-0.000809185544223556,-0.000547401918171914,0.000835902820400354,0.0120319140341263,-0.00107439433414727,-0.00250018473172616,-0.000809185544223556,-0.000547401918171914,0.000835902820400354,0.0120319140341263,-0.00107439433414727,-0.00250018473172616,-0.000809185544223556,-0.000547401918171914,0.000835902820400354,0.0120319140341263,-0.00107439433414727,-0.00250018473172616,-0.000809185544223556,-0.000547401918171914,0.000835902820400354,0.0120319140341263,-0.00107439433414727,-0.00250018473172616,-0.000809185544223556
0.00265532917642331,-0.00100740286508565,-0.00107439433414727,0.00467914890134607,0.00145213814321987,0.00112135754126518,0.00265532917642331,-0.00100740286508565,-0.00107439433414727,0.00467914890134607,0.00145213814321987,0.00112135754126518,0.00265532917642331,-0.00100740286508565,-0.00107439433414727,0.00467914890134607,0.00145213814321987,0.00112135754126518,0.00265532917642331,-0.00100740286508565,-0.00107439433414727,0.00467914890134607,0.00145213814321987,0.00112135754126518,0.00265532917642331,-0.00100740286508565,-0.00107439433414727,0.00467914890134607,0.00145213814321987,0.00112135754126518,0.00265532917642331,-0.00100740286508565,-0.00107439433414727,0.00467914890134607,0.00145213814321987,0.00112135754126518,0.00265532917642331,-0.00100740286508565,-0.00107439433414727,0.00467914890134607,0.00145213814321987,0.00112135754126518,0.00265532917642331,-0.00100740286508565,-0.00107439433414727,0.00467914890134607,0.00145213814321987,0.00112135754126518,0.00265532917642331,-0.00100740286508565,-0.00107439433414727,0.00467914890134607,0.00145213814321987,0.00112135754126518,0.00265532917642331,-0.00100740286508565,-0.00107439433414727,0.00467914890134607,0.00145213814321987,0.00112135754126518,0.00265532917642331,-0.00100740286508565,-0.00107439433414727,0.00467914890134607,0.00145213814321987,0.00112135754126518,0.00265532917642331,-0.00100740286508565,-0.00107439433414727,0.00467914890134607,0.00145213814321987,0.00112135754126518
0.000432995456629848,0.00394672040418534,-0.00250018473172616,0.00145213814321987,0.0123121302897126,-0.00246459806118311,0.000432995456629848,0.00394672040418534,-0.00250018473172616,0.00145213814321987,0.0123121302897126,-0.00246459806118311,0.000432995456629848,0.00394672040418534,-0.00250018473172616,0.00145213814321987,0.0123121302897126,-0.00246459806118311,0.000432995456629848,0.00394672040418534,-0.00250018473172616,0.00145213814321987,0.0123121302897126,-0.00246459806118311,0.000432995456629848,0.00394672040418534,-0.00250018473172616,0.00145213814321987,0.0123121302897126,-0.00246459806118311,0.000432995456629848,0.00394672040418534,-0.00250018473172616,0.00145213814321987,0.0123121302897126,-0.00246459806118311,0.000432995456629848,0.00394672040418534,-0.00250018473172616,0.00145213814321987,0.0123121302897126,-0.00246459806118311,0.000432995456629848,0.00394672040418534,-0.00250018473172616,0.00145213814321987,0.0123121302897126,-0.00246459806118311,0.000432995456629848,0.00394672040418534,-0.00250018473172616,0.00145213814321987,0.0123121302897126,-0.00246459806118311,0.000432995456629848,0.00394672040418534,-0.00250018473172616,0.00145213814321987,0.0123121302897126,-0.00246459806118311,0.000432995456629848,0.00394672040418534,-0.00250018473172616,0.00145213814321987,0.0123121302897126,-0.00246459806118311,0.000432995456629848,0.00394672040418534,-0.00250018473172616,0.00145213814321987,0.0123121302897126,-0.00246459806118311
-0.000284853609121134,-0.00417349111827894,-0.000809185544223556,0.00112135754126518,-0.00246459806118311,0.00688329636800188,-0.000284853609121134,-0.00417349111827894,-0.000809185544223556,0.00112135754126518,-0.00246459806118311,0.00688329636800188,-0.000284853609121134,-0.00417349111827894,-0.000809185544223556,0.00112135754126518,-0.00246459806118311,0.00688329636800188,-0.000284853609121134,-0.00417349111827894,-0.000809185544223556,0.00112135754126518,-0.00246459806118311,0.00688329636800188,-0.000284853609121134,-0.00417349111827894,-0.000809185544223556,0.00112135754126518,-0.00246459806118311,0.00688329636800188,-0.000284853609121134,-0.00417349111827894,-0.000809185544223556,0.00112135754126518,-0.00246459806118311,0.00688329636800188,-0.000284853609121134,-0.00417349111827894,-0.000809185544223556,0.00112135754126518,-0.00246459806118311,0.00688329636800188,-0.000284853609121134,-0.00417349111827894,-0.000809185544223556,0.00112135754126518,-0.00246459806118311,0.00688329636800188,-0.000284853609121134,-0.00417349111827894,-0.000809185544223556,0.00112135754126518,-0.00246459806118311,0.00688329636800188,-0.000284853609121134,-0.00417349111827894,-0.000809185544223556,0.00112135754126518,-0.00246459806118311,0.00688329636800188,-0.000284853609121134,-0.00417349111827894,-0.000809185544223556,0.00112135754126518,-0.00246459806118311,0.00688329636800188,-0.000284853609121134,-0.00417349111827894,-0.000809185544223556,0.00112135754126518,-0.00246459806118311,0.00688329636800188
