V1.1,V2.1,V3.1,V4.1,V5.1,V6.1
0.163018826799815,-0.010386440201924,0.022710507875618,0.106446697034278,-0.048977641033332,-0.0529133148906243
-0.010386440201924,0.0898403612689076,0.00157271103535804,-0.00886786638143726,0.0524686590258772,-0.0431696048922154
0.022710507875618,0.00157271103535804,0.0773926393519803,0.0267130763512845,-0.0412953370569338,-0.01207709029182
0.106446697034278,-0.00886786638143726,0.0267130763512845,0.133755370697321,-0.0162090189008322,0.00743148524520224
-0.048977641033332,0.0524686590258772,-0.0412953370569338,-0.0162090189008322,0.089093873393219,0.000672015959864766
-0.0529133148906243,-0.0431696048922154,-0.01207709029182,0.00743148524520224,0.000672015959864766,0.080523351435167
