V1.1,V2.1,V3.1,V4.1,V5.1,V6.1,V1.2,V2.2,V3.2,V4.2,V5.2,V6.2,V1.3,V2.3,V3.3,V4.3,V5.3,V6.3,V1.4,V2.4,V3.4,V4.4,V5.4,V6.4,V1.5,V2.5,V3.5,V4.5,V5.5,V6.5,V1.6,V2.6,V3.6,V4.6,V5.6,V6.6
0.0144558751588365,-0.0054328705427177,0.00617003714777614,0.00736634872829998,-0.00798712188559715,-0.00197616754950615,0.0144558751588365,-0.0054328705427177,0.00617003714777614,0.00736634872829998,-0.00798712188559715,-0.00197616754950615,0.0144558751588365,-0.0054328705427177,0.00617003714777614,0.00736634872829998,-0.00798712188559715,-0.00197616754950615,0.0144558751588365,-0.0054328705427177,0.00617003714777614,0.00736634872829998,-0.00798712188559715,-0.00197616754950615,0.0144558751588365,-0.0054328705427177,0.00617003714777614,0.00736634872829998,-0.00798712188559715,-0.00197616754950615,0.0144558751588365,-0.0054328705427177,0.00617003714777614,0.00736634872829998,-0.00798712188559715,-0.00197616754950615
-0.0054328705427177,0.0231077724564293,-0.00629295992846652,0.000770960931999874,0.0171876750139699,-0.00605259596444187,-0.0054328705427177,0.0231077724564293,-0.00629295992846652,0.000770960931999874,0.0171876750139699,-0.00605259596444187,-0.0054328705427177,0.0231077724564293,-0.00629295992846652,0.000770960931999874,0.0171876750139699,-0.00605259596444187,-0.0054328705427177,0.0231077724564293,-0.00629295992846652,0.000770960931999874,0.0171876750139699,-0.00605259596444187,-0.0054328705427177,0.0231077724564293,-0.00629295992846652,0.000770960931999874,0.0171876750139699,-0.00605259596444187,-0.0054328705427177,0.0231077724564293,-0.00629295992846652,0.000770960931999874,0.0171876750139699,-0.00605259596444187
0.00617003714777614,-0.00629295992846652,0.0210545124627484,0.00103589166339309,-0.0132215287870404,-0.00162105876761252,0.00617003714777614,-0.00629295992846652,0.0210545124627484,0.00103589166339309,-0.0132215287870404,-0.00162105876761252,0.00617003714777614,-0.00629295992846652,0.0210545124627484,0.00103589166339309,-0.0132215287870404,-0.00162105876761252,0.00617003714777614,-0.00629295992846652,0.0210545124627484,0.00103589166339309,-0.0132215287870404,-0.00162105876761252,0.00617003714777614,-0.00629295992846652,0.0210545124627484,0.00103589166339309,-0.0132215287870404,-0.00162105876761252,0.00617003714777614,-0.00629295992846652,0.0210545124627484,0.00103589166339309,-0.0132215287870404,-0.00162105876761252
0.00736634872829998,0.000770960931999874,0.00103589166339309,0.0104228475320804,0.00614073407600467,-0.00215090425577099,0.00736634872829998,0.000770960931999874,0.00103589166339309,0.0104228475320804,0.00614073407600467,-0.00215090425577099,0.00736634872829998,0.000770960931999874,0.00103589166339309,0.0104228475320804,0.00614073407600467,-0.00215090425577099,0.00736634872829998,0.000770960931999874,0.00103589166339309,0.0104228475320804,0.00614073407600467,-0.00215090425577099,0.00736634872829998,0.000770960931999874,0.00103589166339309,0.0104228475320804,0.00614073407600467,-0.00215090425577099,0.00736634872829998,0.000770960931999874,0.00103589166339309,0.0104228475320804,0.00614073407600467,-0.00215090425577099
-0.00798712188559715,0.0171876750139699,-0.0132215287870404,0.00614073407600467,0.0394285278668911,-0.00482096852672661,-0.00798712188559715,0.0171876750139699,-0.0132215287870404,0.00614073407600467,0.0394285278668911,-0.00482096852672661,-0.00798712188559715,0.0171876750139699,-0.0132215287870404,0.00614073407600467,0.0394285278668911,-0.00482096852672661,-0.00798712188559715,0.0171876750139699,-0.0132215287870404,0.00614073407600467,0.0394285278668911,-0.00482096852672661,-0.00798712188559715,0.0171876750139699,-0.0132215287870404,0.00614073407600467,0.0394285278668911,-0.00482096852672661,-0.00798712188559715,0.0171876750139699,-0.0132215287870404,0.00614073407600467,0.0394285278668911,-0.00482096852672661
-0.00197616754950615,-0.00605259596444187,-0.00162105876761252,-0.00215090425577099,-0.00482096852672661,0.00922082402699633,-0.00197616754950615,-0.00605259596444187,-0.00162105876761252,-0.00215090425577099,-0.00482096852672661,0.00922082402699633,-0.00197616754950615,-0.00605259596444187,-0.00162105876761252,-0.00215090425577099,-0.00482096852672661,0.00922082402699633,-0.00197616754950615,-0.00605259596444187,-0.00162105876761252,-0.00215090425577099,-0.00482096852672661,0.00922082402699633,-0.00197616754950615,-0.00605259596444187,-0.00162105876761252,-0.00215090425577099,-0.00482096852672661,0.00922082402699633,-0.00197616754950615,-0.00605259596444187,-0.00162105876761252,-0.00215090425577099,-0.00482096852672661,0.00922082402699633
