V1.1,V2.1,V3.1,V4.1,V5.1,V6.1,V1.2,V2.2,V3.2,V4.2,V5.2,V6.2,V1.3,V2.3,V3.3,V4.3,V5.3,V6.3,V1.4,V2.4,V3.4,V4.4,V5.4,V6.4,V1.5,V2.5,V3.5,V4.5,V5.5,V6.5
0.0262772575193521,-0.0175961380798418,-0.015280714220008,0.00598234316760007,-0.00762606679524538,-0.00238563551315556,0.0262772575193521,-0.0175961380798418,-0.015280714220008,0.00598234316760007,-0.00762606679524538,-0.00238563551315556,0.0262772575193521,-0.0175961380798418,-0.015280714220008,0.00598234316760007,-0.00762606679524538,-0.00238563551315556,0.0262772575193521,-0.0175961380798418,-0.015280714220008,0.00598234316760007,-0.00762606679524538,-0.00238563551315556,0.0262772575193521,-0.0175961380798418,-0.015280714220008,0.00598234316760007,-0.00762606679524538,-0.00238563551315556
-0.0175961380798418,0.0363618402593228,0.0157161745059336,0.00204561127670178,0.0162349879157443,-0.00533396624468266,-0.0175961380798418,0.0363618402593228,0.0157161745059336,0.00204561127670178,0.0162349879157443,-0.00533396624468266,-0.0175961380798418,0.0363618402593228,0.0157161745059336,0.00204561127670178,0.0162349879157443,-0.00533396624468266,-0.0175961380798418,0.0363618402593228,0.0157161745059336,0.00204561127670178,0.0162349879157443,-0.00533396624468266,-0.0175961380798418,0.0363618402593228,0.0157161745059336,0.00204561127670178,0.0162349879157443,-0.00533396624468266
-0.015280714220008,0.0157161745059336,0.0598340784948642,0.00349416252349941,-0.0138719763847618,-0.00092067440332713,-0.015280714220008,0.0157161745059336,0.0598340784948642,0.00349416252349941,-0.0138719763847618,-0.00092067440332713,-0.015280714220008,0.0157161745059336,0.0598340784948642,0.00349416252349941,-0.0138719763847618,-0.00092067440332713,-0.015280714220008,0.0157161745059336,0.0598340784948642,0.00349416252349941,-0.0138719763847618,-0.00092067440332713,-0.015280714220008,0.0157161745059336,0.0598340784948642,0.00349416252349941,-0.0138719763847618,-0.00092067440332713
0.00598234316760007,0.00204561127670178,0.00349416252349941,0.0105982967217897,0.00624901759365216,-0.00217411901189892,0.00598234316760007,0.00204561127670178,0.00349416252349941,0.0105982967217897,0.00624901759365216,-0.00217411901189892,0.00598234316760007,0.00204561127670178,0.00349416252349941,0.0105982967217897,0.00624901759365216,-0.00217411901189892,0.00598234316760007,0.00204561127670178,0.00349416252349941,0.0105982967217897,0.00624901759365216,-0.00217411901189892,0.00598234316760007,0.00204561127670178,0.00349416252349941,0.0105982967217897,0.00624901759365216,-0.00217411901189892
-0.00762606679524538,0.0162349879157443,-0.0138719763847618,0.00624901759365216,0.0400965938977632,-0.0050836416105033,-0.00762606679524538,0.0162349879157443,-0.0138719763847618,0.00624901759365216,0.0400965938977632,-0.0050836416105033,-0.00762606679524538,0.0162349879157443,-0.0138719763847618,0.00624901759365216,0.0400965938977632,-0.0050836416105033,-0.00762606679524538,0.0162349879157443,-0.0138719763847618,0.00624901759365216,0.0400965938977632,-0.0050836416105033,-0.00762606679524538,0.0162349879157443,-0.0138719763847618,0.00624901759365216,0.0400965938977632,-0.0050836416105033
-0.00238563551315556,-0.00533396624468266,-0.00092067440332713,-0.00217411901189892,-0.0050836416105033,0.00935856706185614,-0.00238563551315556,-0.00533396624468266,-0.00092067440332713,-0.00217411901189892,-0.0050836416105033,0.00935856706185614,-0.00238563551315556,-0.00533396624468266,-0.00092067440332713,-0.00217411901189892,-0.0050836416105033,0.00935856706185614,-0.00238563551315556,-0.00533396624468266,-0.00092067440332713,-0.00217411901189892,-0.0050836416105033,0.00935856706185614,-0.00238563551315556,-0.00533396624468266,-0.00092067440332713,-0.00217411901189892,-0.0050836416105033,0.00935856706185614
