V1.1,V2.1,V3.1,V4.1,V5.1,V6.1,V1.2,V2.2,V3.2,V4.2,V5.2,V6.2,V1.3,V2.3,V3.3,V4.3,V5.3,V6.3,V1.4,V2.4,V3.4,V4.4,V5.4,V6.4,V1.5,V2.5,V3.5,V4.5,V5.5,V6.5,V1.6,V2.6,V3.6,V4.6,V5.6,V6.6,V1.7,V2.7,V3.7,V4.7,V5.7,V6.7,V1.8,V2.8,V3.8,V4.8,V5.8,V6.8
0.00569805986171709,-0.000734566079279495,0.000134084280544646,0.00285203453732446,-0.0005887840907882,-0.000924835196951876,0.00569805986171709,-0.000734566079279495,0.000134084280544646,0.00285203453732446,-0.0005887840907882,-0.000924835196951876,0.00569805986171709,-0.000734566079279495,0.000134084280544646,0.00285203453732446,-0.0005887840907882,-0.000924835196951876,0.00569805986171709,-0.000734566079279495,0.000134084280544646,0.00285203453732446,-0.0005887840907882,-0.000924835196951876,0.00569805986171709,-0.000734566079279495,0.000134084280544646,0.00285203453732446,-0.0005887840907882,-0.000924835196951876,0.00569805986171709,-0.000734566079279495,0.000134084280544646,0.00285203453732446,-0.0005887840907882,-0.000924835196951876,0.00569805986171709,-0.000734566079279495,0.000134084280544646,0.00285203453732446,-0.0005887840907882,-0.000924835196951876,0.00569805986171709,-0.000734566079279495,0.000134084280544646,0.00285203453732446,-0.0005887840907882,-0.000924835196951876
-0.000734566079279495,0.0150847516167578,0.00167825916150412,4.6147110626637e-05,0.00670308392458813,-0.00469156441407707,-0.000734566079279495,0.0150847516167578,0.00167825916150412,4.6147110626637e-05,0.00670308392458813,-0.00469156441407707,-0.000734566079279495,0.0150847516167578,0.00167825916150412,4.6147110626637e-05,0.00670308392458813,-0.00469156441407707,-0.000734566079279495,0.0150847516167578,0.00167825916150412,4.6147110626637e-05,0.00670308392458813,-0.00469156441407707,-0.000734566079279495,0.0150847516167578,0.00167825916150412,4.6147110626637e-05,0.00670308392458813,-0.00469156441407707,-0.000734566079279495,0.0150847516167578,0.00167825916150412,4.6147110626637e-05,0.00670308392458813,-0.00469156441407707,-0.000734566079279495,0.0150847516167578,0.00167825916150412,4.6147110626637e-05,0.00670308392458813,-0.00469156441407707,-0.000734566079279495,0.0150847516167578,0.00167825916150412,4.6147110626637e-05,0.00670308392458813,-0.00469156441407707
0.000134084280544646,0.00167825916150412,0.0137003011929431,-0.000461755038080605,-0.00262927851563664,-0.00269344330602531,0.000134084280544646,0.00167825916150412,0.0137003011929431,-0.000461755038080605,-0.00262927851563664,-0.00269344330602531,0.000134084280544646,0.00167825916150412,0.0137003011929431,-0.000461755038080605,-0.00262927851563664,-0.00269344330602531,0.000134084280544646,0.00167825916150412,0.0137003011929431,-0.000461755038080605,-0.00262927851563664,-0.00269344330602531,0.000134084280544646,0.00167825916150412,0.0137003011929431,-0.000461755038080605,-0.00262927851563664,-0.00269344330602531,0.000134084280544646,0.00167825916150412,0.0137003011929431,-0.000461755038080605,-0.00262927851563664,-0.00269344330602531,0.000134084280544646,0.00167825916150412,0.0137003011929431,-0.000461755038080605,-0.00262927851563664,-0.00269344330602531,0.000134084280544646,0.00167825916150412,0.0137003011929431,-0.000461755038080605,-0.00262927851563664,-0.00269344330602531
0.00285203453732446,4.6147110626637e-05,-0.000461755038080605,0.00677316629000902,0.00562412987916387,0.000167153413472701,0.00285203453732446,4.6147110626637e-05,-0.000461755038080605,0.00677316629000902,0.00562412987916387,0.000167153413472701,0.00285203453732446,4.6147110626637e-05,-0.000461755038080605,0.00677316629000902,0.00562412987916387,0.000167153413472701,0.00285203453732446,4.6147110626637e-05,-0.000461755038080605,0.00677316629000902,0.00562412987916387,0.000167153413472701,0.00285203453732446,4.6147110626637e-05,-0.000461755038080605,0.00677316629000902,0.00562412987916387,0.000167153413472701,0.00285203453732446,4.6147110626637e-05,-0.000461755038080605,0.00677316629000902,0.00562412987916387,0.000167153413472701,0.00285203453732446,4.6147110626637e-05,-0.000461755038080605,0.00677316629000902,0.00562412987916387,0.000167153413472701,0.00285203453732446,4.6147110626637e-05,-0.000461755038080605,0.00677316629000902,0.00562412987916387,0.000167153413472701
-0.0005887840907882,0.00670308392458813,-0.00262927851563664,0.00562412987916387,0.0240233983658324,-0.0026587351402393,-0.0005887840907882,0.00670308392458813,-0.00262927851563664,0.00562412987916387,0.0240233983658324,-0.0026587351402393,-0.0005887840907882,0.00670308392458813,-0.00262927851563664,0.00562412987916387,0.0240233983658324,-0.0026587351402393,-0.0005887840907882,0.00670308392458813,-0.00262927851563664,0.00562412987916387,0.0240233983658324,-0.0026587351402393,-0.0005887840907882,0.00670308392458813,-0.00262927851563664,0.00562412987916387,0.0240233983658324,-0.0026587351402393,-0.0005887840907882,0.00670308392458813,-0.00262927851563664,0.00562412987916387,0.0240233983658324,-0.0026587351402393,-0.0005887840907882,0.00670308392458813,-0.00262927851563664,0.00562412987916387,0.0240233983658324,-0.0026587351402393,-0.0005887840907882,0.00670308392458813,-0.00262927851563664,0.00562412987916387,0.0240233983658324,-0.0026587351402393
-0.000924835196951876,-0.00469156441407707,-0.00269344330602531,0.000167153413472701,-0.0026587351402393,0.00806425720049735,-0.000924835196951876,-0.00469156441407707,-0.00269344330602531,0.000167153413472701,-0.0026587351402393,0.00806425720049735,-0.000924835196951876,-0.00469156441407707,-0.00269344330602531,0.000167153413472701,-0.0026587351402393,0.00806425720049735,-0.000924835196951876,-0.00469156441407707,-0.00269344330602531,0.000167153413472701,-0.0026587351402393,0.00806425720049735,-0.000924835196951876,-0.00469156441407707,-0.00269344330602531,0.000167153413472701,-0.0026587351402393,0.00806425720049735,-0.000924835196951876,-0.00469156441407707,-0.00269344330602531,0.000167153413472701,-0.0026587351402393,0.00806425720049735,-0.000924835196951876,-0.00469156441407707,-0.00269344330602531,0.000167153413472701,-0.0026587351402393,0.00806425720049735,-0.000924835196951876,-0.00469156441407707,-0.00269344330602531,0.000167153413472701,-0.0026587351402393,0.00806425720049735
