V1.1,V2.1,V3.1,V4.1,V5.1,V6.1,V1.2,V2.2,V3.2,V4.2,V5.2,V6.2,V1.3,V2.3,V3.3,V4.3,V5.3,V6.3,V1.4,V2.4,V3.4,V4.4,V5.4,V6.4,V1.5,V2.5,V3.5,V4.5,V5.5,V6.5,V1.6,V2.6,V3.6,V4.6,V5.6,V6.6,V1.7,V2.7,V3.7,V4.7,V5.7,V6.7,V1.8,V2.8,V3.8,V4.8,V5.8,V6.8,V1.9,V2.9,V3.9,V4.9,V5.9,V6.9,V1.10,V2.10,V3.10,V4.10,V5.10,V6.10,V1.11,V2.11,V3.11,V4.11,V5.11,V6.11
0.00564028336432878,-0.0008189929758327,4.82050156880147e-05,0.00257160635352158,-0.000973440613238754,-0.00092453177408811,0.00564028336432878,-0.0008189929758327,4.82050156880147e-05,0.00257160635352158,-0.000973440613238754,-0.00092453177408811,0.00564028336432878,-0.0008189929758327,4.82050156880147e-05,0.00257160635352158,-0.000973440613238754,-0.00092453177408811,0.00564028336432878,-0.0008189929758327,4.82050156880147e-05,0.00257160635352158,-0.000973440613238754,-0.00092453177408811,0.00564028336432878,-0.0008189929758327,4.82050156880147e-05,0.00257160635352158,-0.000973440613238754,-0.00092453177408811,0.00564028336432878,-0.0008189929758327,4.82050156880147e-05,0.00257160635352158,-0.000973440613238754,-0.00092453177408811,0.00564028336432878,-0.0008189929758327,4.82050156880147e-05,0.00257160635352158,-0.000973440613238754,-0.00092453177408811,0.00564028336432878,-0.0008189929758327,4.82050156880147e-05,0.00257160635352158,-0.000973440613238754,-0.00092453177408811,0.00564028336432878,-0.0008189929758327,4.82050156880147e-05,0.00257160635352158,-0.000973440613238754,-0.00092453177408811,0.00564028336432878,-0.0008189929758327,4.82050156880147e-05,0.00257160635352158,-0.000973440613238754,-0.00092453177408811,0.00564028336432878,-0.0008189929758327,4.82050156880147e-05,0.00257160635352158,-0.000973440613238754,-0.00092453177408811
-0.0008189929758327,0.014638130527509,0.00164579894589265,-0.0004035421108444,0.0057011442944633,-0.00445964900661258,-0.0008189929758327,0.014638130527509,0.00164579894589265,-0.0004035421108444,0.0057011442944633,-0.00445964900661258,-0.0008189929758327,0.014638130527509,0.00164579894589265,-0.0004035421108444,0.0057011442944633,-0.00445964900661258,-0.0008189929758327,0.014638130527509,0.00164579894589265,-0.0004035421108444,0.0057011442944633,-0.00445964900661258,-0.0008189929758327,0.014638130527509,0.00164579894589265,-0.0004035421108444,0.0057011442944633,-0.00445964900661258,-0.0008189929758327,0.014638130527509,0.00164579894589265,-0.0004035421108444,0.0057011442944633,-0.00445964900661258,-0.0008189929758327,0.014638130527509,0.00164579894589265,-0.0004035421108444,0.0057011442944633,-0.00445964900661258,-0.0008189929758327,0.014638130527509,0.00164579894589265,-0.0004035421108444,0.0057011442944633,-0.00445964900661258,-0.0008189929758327,0.014638130527509,0.00164579894589265,-0.0004035421108444,0.0057011442944633,-0.00445964900661258,-0.0008189929758327,0.014638130527509,0.00164579894589265,-0.0004035421108444,0.0057011442944633,-0.00445964900661258,-0.0008189929758327,0.014638130527509,0.00164579894589265,-0.0004035421108444,0.0057011442944633,-0.00445964900661258
4.82050156880147e-05,0.00164579894589265,0.0132646507675056,-0.00133957366979713,-0.00408913795172371,-0.00253066807305138,4.82050156880147e-05,0.00164579894589265,0.0132646507675056,-0.00133957366979713,-0.00408913795172371,-0.00253066807305138,4.82050156880147e-05,0.00164579894589265,0.0132646507675056,-0.00133957366979713,-0.00408913795172371,-0.00253066807305138,4.82050156880147e-05,0.00164579894589265,0.0132646507675056,-0.00133957366979713,-0.00408913795172371,-0.00253066807305138,4.82050156880147e-05,0.00164579894589265,0.0132646507675056,-0.00133957366979713,-0.00408913795172371,-0.00253066807305138,4.82050156880147e-05,0.00164579894589265,0.0132646507675056,-0.00133957366979713,-0.00408913795172371,-0.00253066807305138,4.82050156880147e-05,0.00164579894589265,0.0132646507675056,-0.00133957366979713,-0.00408913795172371,-0.00253066807305138,4.82050156880147e-05,0.00164579894589265,0.0132646507675056,-0.00133957366979713,-0.00408913795172371,-0.00253066807305138,4.82050156880147e-05,0.00164579894589265,0.0132646507675056,-0.00133957366979713,-0.00408913795172371,-0.00253066807305138,4.82050156880147e-05,0.00164579894589265,0.0132646507675056,-0.00133957366979713,-0.00408913795172371,-0.00253066807305138,4.82050156880147e-05,0.00164579894589265,0.0132646507675056,-0.00133957366979713,-0.00408913795172371,-0.00253066807305138
0.00257160635352158,-0.0004035421108444,-0.00133957366979713,0.00448239099267041,0.0015895670220777,0.000722695735147792,0.00257160635352158,-0.0004035421108444,-0.00133957366979713,0.00448239099267041,0.0015895670220777,0.000722695735147792,0.00257160635352158,-0.0004035421108444,-0.00133957366979713,0.00448239099267041,0.0015895670220777,0.000722695735147792,0.00257160635352158,-0.0004035421108444,-0.00133957366979713,0.00448239099267041,0.0015895670220777,0.000722695735147792,0.00257160635352158,-0.0004035421108444,-0.00133957366979713,0.00448239099267041,0.0015895670220777,0.000722695735147792,0.00257160635352158,-0.0004035421108444,-0.00133957366979713,0.00448239099267041,0.0015895670220777,0.000722695735147792,0.00257160635352158,-0.0004035421108444,-0.00133957366979713,0.00448239099267041,0.0015895670220777,0.000722695735147792,0.00257160635352158,-0.0004035421108444,-0.00133957366979713,0.00448239099267041,0.0015895670220777,0.000722695735147792,0.00257160635352158,-0.0004035421108444,-0.00133957366979713,0.00448239099267041,0.0015895670220777,0.000722695735147792,0.00257160635352158,-0.0004035421108444,-0.00133957366979713,0.00448239099267041,0.0015895670220777,0.000722695735147792,0.00257160635352158,-0.0004035421108444,-0.00133957366979713,0.00448239099267041,0.0015895670220777,0.000722695735147792
-0.000973440613238754,0.0057011442944633,-0.00408913795172371,0.0015895670220777,0.0161247735017367,-0.00120834112200297,-0.000973440613238754,0.0057011442944633,-0.00408913795172371,0.0015895670220777,0.0161247735017367,-0.00120834112200297,-0.000973440613238754,0.0057011442944633,-0.00408913795172371,0.0015895670220777,0.0161247735017367,-0.00120834112200297,-0.000973440613238754,0.0057011442944633,-0.00408913795172371,0.0015895670220777,0.0161247735017367,-0.00120834112200297,-0.000973440613238754,0.0057011442944633,-0.00408913795172371,0.0015895670220777,0.0161247735017367,-0.00120834112200297,-0.000973440613238754,0.0057011442944633,-0.00408913795172371,0.0015895670220777,0.0161247735017367,-0.00120834112200297,-0.000973440613238754,0.0057011442944633,-0.00408913795172371,0.0015895670220777,0.0161247735017367,-0.00120834112200297,-0.000973440613238754,0.0057011442944633,-0.00408913795172371,0.0015895670220777,0.0161247735017367,-0.00120834112200297,-0.000973440613238754,0.0057011442944633,-0.00408913795172371,0.0015895670220777,0.0161247735017367,-0.00120834112200297,-0.000973440613238754,0.0057011442944633,-0.00408913795172371,0.0015895670220777,0.0161247735017367,-0.00120834112200297,-0.000973440613238754,0.0057011442944633,-0.00408913795172371,0.0015895670220777,0.0161247735017367,-0.00120834112200297
-0.00092453177408811,-0.00445964900661258,-0.00253066807305138,0.000722695735147792,-0.00120834112200297,0.00765920673945916,-0.00092453177408811,-0.00445964900661258,-0.00253066807305138,0.000722695735147792,-0.00120834112200297,0.00765920673945916,-0.00092453177408811,-0.00445964900661258,-0.00253066807305138,0.000722695735147792,-0.00120834112200297,0.00765920673945916,-0.00092453177408811,-0.00445964900661258,-0.00253066807305138,0.000722695735147792,-0.00120834112200297,0.00765920673945916,-0.00092453177408811,-0.00445964900661258,-0.00253066807305138,0.000722695735147792,-0.00120834112200297,0.00765920673945916,-0.00092453177408811,-0.00445964900661258,-0.00253066807305138,0.000722695735147792,-0.00120834112200297,0.00765920673945916,-0.00092453177408811,-0.00445964900661258,-0.00253066807305138,0.000722695735147792,-0.00120834112200297,0.00765920673945916,-0.00092453177408811,-0.00445964900661258,-0.00253066807305138,0.000722695735147792,-0.00120834112200297,0.00765920673945916,-0.00092453177408811,-0.00445964900661258,-0.00253066807305138,0.000722695735147792,-0.00120834112200297,0.00765920673945916,-0.00092453177408811,-0.00445964900661258,-0.00253066807305138,0.000722695735147792,-0.00120834112200297,0.00765920673945916,-0.00092453177408811,-0.00445964900661258,-0.00253066807305138,0.000722695735147792,-0.00120834112200297,0.00765920673945916
