V1.1,V2.1,V3.1,V4.1,V5.1,V6.1,V1.2,V2.2,V3.2,V4.2,V5.2,V6.2,V1.3,V2.3,V3.3,V4.3,V5.3,V6.3,V1.4,V2.4,V3.4,V4.4,V5.4,V6.4,V1.5,V2.5,V3.5,V4.5,V5.5,V6.5,V1.6,V2.6,V3.6,V4.6,V5.6,V6.6,V1.7,V2.7,V3.7,V4.7,V5.7,V6.7,V1.8,V2.8,V3.8,V4.8,V5.8,V6.8
0.0025601337407107,0.00182455859227462,-0.00412028986379119,0.00201499684315356,0.00276987889279018,-0.000678728494949304,0.0436880091564335,-0.0115586656489705,0.00488534507673141,0.0289321036525895,-0.0175523141398139,-0.0127117871872391,0.0290858983103972,0.0156684818242297,-0.00915687427986259,0.0213978636037523,0.000694488473932941,-0.0109794925122801,4.62518591985746e-05,0.000184153328661869,-0.000144082480140354,4.30614794940687e-05,-5.7130078663186e-05,8.6075479648709e-05,1.54994718514787e-05,0.000109322698405813,-6.84210545576129e-05,-2.36534961642942e-05,2.95820920628112e-05,-4.93302025797474e-05,0.0142426718974542,-0.00537403171844958,-0.022340209473238,0.0101086196512428,0.010732864100634,1.77894711098037e-05,0.00525337141119277,7.65712139572117e-06,-0.00951708094163335,7.45279137706452e-06,-4.4031529405788e-07,-5.14664561332322e-05,0.00274034557552713,0.00191039246465785,0.00613923277030839,0.0032968997136227,0.0060023271288466,-0.000572532205605156
0.00182455859227462,0.00796086902771515,-0.00453956702420565,0.00137181119707043,0.004387505395149,-0.00218545136867974,-0.0115586656489705,0.110696826703063,-0.0111554789250864,-0.0102786883577764,0.066112988308448,-0.0441391444478768,0.0156684818242297,0.0491677202476472,-0.013204940869979,0.0183278782337329,0.0259751445058863,-0.0236671414071402,0.000184153328661869,0.00182308907350883,-0.000989965761081465,0.000466620632616529,0.000403925773515865,-0.00015712811534206,0.000109322698405813,0.000773083597483342,-0.000480690420179975,-0.000167603568243066,0.000218068122036207,-0.000346958831286494,-0.00537403171844958,0.0114387909352576,0.00848555870656936,-0.00104414124254811,0.00222273475858343,-0.00242849155591401,7.65712139572117e-06,0.00442457864315786,-0.000780352443922169,8.35095659219635e-07,1.61899470152865e-05,-8.37881079434312e-06,0.00191039246465785,0.0021779722839823,0.00386466050968808,0.00360507417170432,0.00695403320809444,-0.000878116319662035
-0.00412028986379119,-0.00453956702420565,0.0134233678296128,-0.00489948646395098,-0.0114224767231433,-0.00152039150884945,0.00488534507673141,-0.0111554789250864,0.0175274389285607,-0.000534509054590433,-0.0107725432315076,-0.00267650781655914,-0.00915687427986259,-0.013204940869979,0.0144973374671236,-0.0108330607585864,-0.0127281147162124,0.00241632895537917,-0.000144082480140354,-0.000989965761081465,0.000687759811483945,-0.000352313640800239,-0.000494764649296297,1.17787288723655e-05,-6.84210545576129e-05,-0.000480690420179975,0.000310898520059202,9.43053936396666e-05,-0.000147129102048452,0.000207162690570639,-0.022340209473238,0.00848555870656936,0.0412198522005798,-0.0130998126694631,-0.0154766762915395,0.00146986984539459,-0.00951708094163335,-0.000780352443922169,0.0177103695279064,-1.36242699491017e-05,-1.46196327778545e-06,9.53703054993229e-05,0.00613923277030839,0.00386466050968808,0.0140745129343445,0.0063993385725206,0.0121809561956749,-0.000960615123223983
0.00201499684315356,0.00137181119707043,-0.00489948646395098,0.0049249274520948,0.00515207392974415,-0.00055060684098426,0.0289321036525895,-0.0102786883577764,-0.000534509054590433,0.0245983360773002,-0.0132529917831525,-0.00377915413558698,0.0213978636037523,0.0183278782337329,-0.0108330607585864,0.0229911086035695,0.0116264738914742,-0.0114139753948847,4.30614794940687e-05,0.000466620632616529,-0.000352313640800239,0.000361931110997493,0.00107352724856782,-0.000153581196186523,-2.36534961642942e-05,-0.000167603568243066,9.43053936396666e-05,0.000432356716311981,0.000191225886239143,0.000280059623012899,0.0101086196512428,-0.00104414124254811,-0.0130998126694631,0.0141256630726575,0.0128265316434017,0.00113687707556854,7.45279137706452e-06,8.35095659219635e-07,-1.36242699491017e-05,1.13893126224511e-08,2.53100646416011e-09,-7.89923121413781e-08,0.0032968997136227,0.00360507417170432,0.0063993385725206,0.0229003987136838,0.0323055423243633,-0.00204448335646365
0.00276987889279018,0.004387505395149,-0.0114224767231433,0.00515207392974415,0.0207457332238657,0.00592865845111364,-0.0175523141398139,0.066112988308448,-0.0107725432315076,-0.0132529917831525,0.067774345866088,-0.0214910420189229,0.000694488473932941,0.0259751445058863,-0.0127281147162124,0.0116264738914742,0.0324350814557455,-0.00871715426000038,-5.7130078663186e-05,0.000403925773515865,-0.000494764649296297,0.00107352724856782,0.00487778199116455,-0.00117605215213714,2.95820920628112e-05,0.000218068122036207,-0.000147129102048452,0.000191225886239143,0.000565743956213512,-0.000114663652591747,0.010732864100634,0.00222273475858343,-0.0154766762915395,0.0128265316434017,0.0290155481889554,-0.00946336024158907,-4.4031529405788e-07,1.61899470152865e-05,-1.46196327778545e-06,2.53100646416011e-09,6.93131259271905e-08,-2.78712137123735e-08,0.0060023271288466,0.00695403320809444,0.0121809561956749,0.0323055423243633,0.0604135633466555,-0.00770324941213907
-0.000678728494949304,-0.00218545136867974,-0.00152039150884945,-0.00055060684098426,0.00592865845111364,0.0127016653530939,-0.0127117871872391,-0.0441391444478768,-0.00267650781655914,-0.00377915413558698,-0.0214910420189229,0.0335825427362291,-0.0109794925122801,-0.0236671414071402,0.00241632895537917,-0.0114139753948847,-0.00871715426000038,0.0199725224941978,8.6075479648709e-05,-0.00015712811534206,1.17787288723655e-05,-0.000153581196186523,-0.00117605215213714,0.000701603304431188,-4.93302025797474e-05,-0.000346958831286494,0.000207162690570639,0.000280059623012899,-0.000114663652591747,0.000443064090715247,1.77894711098037e-05,-0.00242849155591401,0.00146986984539459,0.00113687707556854,-0.00946336024158907,0.00735475334187905,-5.14664561332322e-05,-8.37881079434312e-06,9.53703054993229e-05,-7.89923121413781e-08,-2.78712137123735e-08,5.52647540924691e-07,-0.000572532205605156,-0.000878116319662035,-0.000960615123223983,-0.00204448335646365,-0.00770324941213907,0.00760686039888207
