V1.1,V2.1,V3.1,V4.1,V5.1,V6.1,V1.2,V2.2,V3.2,V4.2,V5.2,V6.2,V1.3,V2.3,V3.3,V4.3,V5.3,V6.3,V1.4,V2.4,V3.4,V4.4,V5.4,V6.4,V1.5,V2.5,V3.5,V4.5,V5.5,V6.5,V1.6,V2.6,V3.6,V4.6,V5.6,V6.6
0.00256696744952671,0.00182956781025386,-0.00411030730371558,0.00200872900631392,0.00275479551741628,-0.000680025347933624,0.145627853827366,0.00482924161570295,0.0286722347952368,0.0985644518206722,-0.0647480627549072,-0.0255521608464923,1.65164341536835e-05,0.000116423715495074,-7.31346314085407e-05,-6.67812700515234e-06,4.03930472381839e-05,-4.27655584497035e-05,0.0142427719631519,-0.00537409258788415,-0.0223403711331368,0.0101086908478499,0.0107329473857474,1.776738517599e-05,0.00525337119559918,7.65770895616496e-06,-0.00951708076122989,7.45279193713185e-06,-4.4031448191447e-07,-5.14664602406194e-05,0.00274034557552888,0.00191039246465832,0.00613923277031278,0.00329689971362531,0.00600232712884935,-0.00057253220560283
0.00182956781025386,0.00794209829794445,-0.0045681706602862,0.00134749984451324,0.00446597029347373,-0.00212178418892106,0.00482924161570295,0.0904745383032238,-0.0192087243708196,0.00798175662434172,0.0553891683291343,-0.0375242367043862,0.000116423715495074,0.000822905758046348,-0.000513398608979766,-4.64089135798042e-05,0.000296054245057521,-0.000299538396514788,-0.00537409258788415,0.0114388067106711,0.00848566038961313,-0.00104419087454589,0.00222267235292748,-0.00242847454471325,7.65770895616496e-06,0.00442458000465326,-0.00078035371287744,8.35096528509821e-07,1.61899523357449e-05,-8.378817631592e-06,0.00191039246465832,0.00217797228398089,0.00386466050969029,0.00360507417170149,0.00695403320809008,-0.000878116319657217
-0.00411030730371558,-0.0045681706602862,0.0134562463539101,-0.00486974851538007,-0.0115350314052763,-0.00158699037592852,0.0286722347952368,-0.0192087243708196,0.0315734813081064,0.0122702713352224,-0.0358867563527731,-0.000988565588731722,-7.31346314085407e-05,-0.000513398608979766,0.000333749069430937,2.29622724675069e-05,-0.000195187407602271,0.000179960753394591,-0.0223403711331368,0.00848566038961313,0.0412201156130746,-0.013099933196865,-0.0154768107384327,0.00146990193801976,-0.00951708076122989,-0.00078035371287744,0.0177103697222848,-1.36242712147471e-05,-1.46196543074543e-06,9.53703150936319e-05,0.00613923277031278,0.00386466050969029,0.0140745129343549,0.00639933857252918,0.0121809561956851,-0.000960615123220884
0.00200872900631392,0.00134749984451324,-0.00486974851538007,0.00488881733778909,0.00514793781300582,-0.000510208098586315,0.0985644518206722,0.00798175662434172,0.0122702713352224,0.073383049237247,-0.0369028277391493,-0.0169994560794399,-6.67812700515234e-06,-4.64089135798042e-05,2.29622724675069e-05,5.47778949495541e-05,6.1096455905536e-05,3.93805097821489e-05,0.0101086908478499,-0.00104419087454589,-0.013099933196865,0.0141256967938353,0.012826580621246,0.00113685644185534,7.45279193713185e-06,8.35096528509821e-07,-1.36242712147471e-05,1.13893145586941e-08,2.53100829647691e-09,-7.89923258684786e-08,0.00329689971362531,0.00360507417170149,0.00639933857252918,0.0229003987136875,0.0323055423243712,-0.00204448335645479
0.00275479551741628,0.00446597029347373,-0.0115350314052763,0.00514793781300582,0.0210016328364366,0.00602910943471968,-0.0647480627549072,0.0553891683291343,-0.0358867563527731,-0.0369028277391493,0.090990056034837,-0.0126019253357363,4.03930472381839e-05,0.000296054245057521,-0.000195187407602271,6.1096455905536e-05,0.000581492483596396,-0.000227381105943173,0.0107329473857474,0.00222267235292748,-0.0154768107384327,0.012826580621246,0.0290155750549413,-0.00946335858203103,-4.4031448191447e-07,1.61899523357449e-05,-1.46196543074543e-06,2.53100829647691e-09,6.93131494284169e-08,-2.78712298389765e-08,0.00600232712884935,0.00695403320809008,0.0121809561956851,0.0323055423243712,0.0604135633466666,-0.00770324941212206
-0.000680025347933624,-0.00212178418892106,-0.00158699037592852,-0.000510208098586315,0.00602910943471968,0.0126789849583505,-0.0255521608464923,-0.0375242367043862,-0.000988565588731722,-0.0169994560794399,-0.0126019253357363,0.0291237110037737,-4.27655584497035e-05,-0.000299538396514788,0.000179960753394591,3.93805097821489e-05,-0.000227381105943173,0.000322361096674214,1.776738517599e-05,-0.00242847454471325,0.00146990193801976,0.00113685644185534,-0.00946335858203103,0.00735473943130304,-5.14664602406194e-05,-8.378817631592e-06,9.53703150936319e-05,-7.89923258684786e-08,-2.78712298389765e-08,5.52647639801851e-07,-0.00057253220560283,-0.000878116319657217,-0.000960615123220884,-0.00204448335645479,-0.00770324941212206,0.00760686039887498
