V1.1,V2.1,V3.1,V4.1,V5.1,V6.1,V1.2,V2.2,V3.2,V4.2,V5.2,V6.2,V1.3,V2.3,V3.3,V4.3,V5.3,V6.3,V1.4,V2.4,V3.4,V4.4,V5.4,V6.4,V1.5,V2.5,V3.5,V4.5,V5.5,V6.5,V1.6,V2.6,V3.6,V4.6,V5.6,V6.6,V1.7,V2.7,V3.7,V4.7,V5.7,V6.7,V1.8,V2.8,V3.8,V4.8,V5.8,V6.8,V1.9,V2.9,V3.9,V4.9,V5.9,V6.9
0.00256013374071066,0.00182455859227482,-0.00412028986379115,0.00201499684315363,0.00276987889279127,-0.000678728494948445,0.0436880091564608,-0.0115586656488375,0.00488534507679404,0.0289321036525885,-0.0175523141398157,-0.0127117871873379,0.0290858983103973,0.01566848182423,-0.00915687427986242,0.0213978636037523,0.000694488473932815,-0.0109794925122806,4.62518591985746e-05,0.000184153328661869,-0.000144082480140354,4.30614794940687e-05,-5.7130078663186e-05,8.6075479648709e-05,1.54994718514787e-05,0.000109322698405813,-6.84210545576129e-05,-2.36534961642942e-05,2.95820920628112e-05,-4.93302025797474e-05,0.0142426696342169,-0.00537402939318147,-0.0223402057569054,0.0101086187681584,0.0107328625705676,1.7789688581845e-05,0.00525337141119277,7.65712139572117e-06,-0.00951708094163335,7.45279137706452e-06,-4.4031529405788e-07,-5.14664561332322e-05,0.00214764831173256,0.00137246692803591,0.004774888658209,0.000128491354456667,0.00141182125329922,0.000117778664125949,0.00127804034561006,0.000365036842138428,0.0031744223075507,0.000559478261476506,-0.00266473926299662,0.00131118708178165
0.00182455859227482,0.00796086902771553,-0.00453956702420729,0.00137181119707101,0.00438750539515377,-0.00218545136867717,-0.0115586656488375,0.110696826703179,-0.0111554789250092,-0.0102786883577354,0.0661129883084431,-0.0441391444480339,0.01566848182423,0.0491677202476472,-0.013204940869979,0.0183278782337331,0.025975144505886,-0.0236671414071405,0.000184153328661869,0.00182308907350883,-0.000989965761081465,0.000466620632616529,0.000403925773515865,-0.00015712811534206,0.000109322698405813,0.000773083597483342,-0.000480690420179975,-0.000167603568243066,0.000218068122036207,-0.000346958831286494,-0.00537402939318147,0.0114387886983459,0.00848555487351803,-0.00104414030922014,0.00222273637180313,-0.00242849180054755,7.65712139572117e-06,0.00442457864315786,-0.000780352443922169,8.35095659219635e-07,1.61899470152865e-05,-8.37881079434312e-06,0.00137246692803591,0.00136416267396304,0.00281814327767389,0.000841678911566404,0.00153104242531492,-0.000206852470017708,0.000365036842138428,0.00115141552690297,0.00035696896846379,0.000186091079897563,-8.58813011056727e-05,0.00101968859598075
-0.00412028986379115,-0.00453956702420729,0.0134233678296147,-0.00489948646395137,-0.0114224767231506,-0.00152039150885323,0.00488534507679404,-0.0111554789250092,0.0175274389285727,-0.000534509054575798,-0.0107725432314798,-0.00267650781664749,-0.00915687427986242,-0.013204940869979,0.0144973374671237,-0.0108330607585863,-0.0127281147162126,0.00241632895537904,-0.000144082480140354,-0.000989965761081465,0.000687759811483945,-0.000352313640800239,-0.000494764649296297,1.17787288723655e-05,-6.84210545576129e-05,-0.000480690420179975,0.000310898520059202,9.43053936396666e-05,-0.000147129102048452,0.000207162690570639,-0.0223402057569054,0.00848555487351803,0.0412198461106417,-0.013099811275955,-0.0154766738410152,0.00146986947113068,-0.00951708094163335,-0.000780352443922169,0.0177103695279064,-1.36242699491017e-05,-1.46196327778545e-06,9.53703054993229e-05,0.004774888658209,0.00281814327767389,0.0108353660476686,-0.000769983180779096,0.00229100254575646,0.000591269457221761,0.0031744223075507,0.00035696896846379,0.00828952146648294,0.00121518066234492,-0.00631420925633173,0.0029472971673002
0.00201499684315363,0.00137181119707101,-0.00489948646395137,0.00492492745209448,0.00515207392974589,-0.000550606840983097,0.0289321036525885,-0.0102786883577354,-0.000534509054575798,0.0245983360772972,-0.0132529917831516,-0.0037791541356108,0.0213978636037523,0.0183278782337331,-0.0108330607585863,0.0229911086035694,0.0116264738914741,-0.0114139753948849,4.30614794940687e-05,0.000466620632616529,-0.000352313640800239,0.000361931110997493,0.00107352724856782,-0.000153581196186523,-2.36534961642942e-05,-0.000167603568243066,9.43053936396666e-05,0.000432356716311981,0.000191225886239143,0.000280059623012899,0.0101086187681584,-0.00104414030922014,-0.013099811275955,0.0141256626723432,0.0128265309832085,0.00113687711596905,7.45279137706452e-06,8.35095659219635e-07,-1.36242699491017e-05,1.13893126224511e-08,2.53100646416011e-09,-7.89923121413781e-08,0.000128491354456667,0.000841678911566404,-0.000769983180779096,0.0190048369510522,0.0193882965140511,0.00149211193219224,0.000559478261476506,0.000186091079897563,0.00121518066234492,0.00152520543843276,-0.00115647768342518,0.00202784641163264
0.00276987889279127,0.00438750539515377,-0.0114224767231506,0.00515207392974589,0.0207457332238835,0.00592865845112142,-0.0175523141398157,0.0661129883084431,-0.0107725432314798,-0.0132529917831516,0.0677743458660565,-0.0214910420189197,0.000694488473932815,0.025975144505886,-0.0127281147162126,0.0116264738914741,0.0324350814557455,-0.00871715426000008,-5.7130078663186e-05,0.000403925773515865,-0.000494764649296297,0.00107352724856782,0.00487778199116455,-0.00117605215213714,2.95820920628112e-05,0.000218068122036207,-0.000147129102048452,0.000191225886239143,0.000565743956213512,-0.000114663652591747,0.0107328625705676,0.00222273637180313,-0.0154766738410152,0.0128265309832085,0.0290155472701939,-0.00946336023246532,-4.4031529405788e-07,1.61899470152865e-05,-1.46196327778545e-06,2.53100646416011e-09,6.93131259271905e-08,-2.78712137123735e-08,0.00141182125329922,0.00153104242531492,0.00229100254575646,0.0193882965140511,0.0244376730737748,0.000589529195616282,-0.00266473926299662,-8.58813011056727e-05,-0.00631420925633173,-0.00115647768342518,0.0118643949780794,-0.00176270150452011
-0.000678728494948445,-0.00218545136867717,-0.00152039150885323,-0.000550606840983097,0.00592865845112142,0.0127016653530957,-0.0127117871873379,-0.0441391444480339,-0.00267650781664749,-0.0037791541356108,-0.0214910420189197,0.0335825427363869,-0.0109794925122806,-0.0236671414071405,0.00241632895537904,-0.0114139753948849,-0.00871715426000008,0.0199725224941982,8.6075479648709e-05,-0.00015712811534206,1.17787288723655e-05,-0.000153581196186523,-0.00117605215213714,0.000701603304431188,-4.93302025797474e-05,-0.000346958831286494,0.000207162690570639,0.000280059623012899,-0.000114663652591747,0.000443064090715247,1.7789688581845e-05,-0.00242849180054755,0.00146986947113068,0.00113687711596905,-0.00946336023246532,0.00735475334799901,-5.14664561332322e-05,-8.37881079434312e-06,9.53703054993229e-05,-7.89923121413781e-08,-2.78712137123735e-08,5.52647540924691e-07,0.000117778664125949,-0.000206852470017708,0.000591269457221761,0.00149211193219224,0.000589529195616282,0.0043791034881089,0.00131118708178165,0.00101968859598075,0.0029472971673002,0.00202784641163264,-0.00176270150452011,0.00960219532528284
