V1.1,V2.1,V3.1,V4.1,V5.1,V6.1,V1.2,V2.2,V3.2,V4.2,V5.2,V6.2
0.171323713422285,-0.0245310239361115,0.0226529532609841,0.0700860084902753,-0.0780108042623459,-0.072785627551111,0.0052533717835931,7.65610617727208e-06,-0.0095170812531073,7.4527904093801e-06,-4.40316691784597e-07,-5.14664490415236e-05
-0.0245310239361115,0.12584924746792,0.000373741121752772,-0.0258177855810743,0.0743234883237626,-0.0616002537058004,7.65610617727208e-06,0.00442457629099687,-0.000780350251441455,8.35094157254576e-07,1.61899378216693e-05,-8.37879897960639e-06
0.0226529532609841,0.000373741121752772,0.100292618723094,0.0190839469737886,-0.0611842804973981,-0.0166438164343281,-0.0095170812531073,-0.000780350251441455,0.0177103691916462,-1.3624267762301e-05,-1.46195956742703e-06,9.53702889308751e-05
0.0700860084902753,-0.0258177855810743,0.0190839469737886,0.0792419875194552,-0.033579897666156,0.0152525319903287,7.4527904093801e-06,8.35094157254576e-07,-1.3624267762301e-05,1.13893092771935e-08,2.53100330377704e-09,-7.89922884299854e-08
-0.0780108042623459,0.0743234883237626,-0.0611842804973981,-0.033579897666156,0.12729489307729,0.0013796867200883,-4.40316691784597e-07,1.61899378216693e-05,-1.46195956742703e-06,2.53100330377704e-09,6.93130853190554e-08,-2.78711858841581e-08
-0.072785627551111,-0.0616002537058004,-0.0166438164343281,0.0152525319903287,0.0013796867200883,0.115704724699683,-5.14664490415236e-05,-8.37879897960639e-06,9.53702889308751e-05,-7.89922884299854e-08,-2.78711858841581e-08,5.52647370161996e-07
