V1.1,V2.1,V3.1,V4.1,V5.1,V6.1,V1.2,V2.2,V3.2,V4.2,V5.2,V6.2,V1.3,V2.3,V3.3,V4.3,V5.3,V6.3
0.163694966869228,-0.0271816424566085,0.0246892350649855,0.0532542847322508,-0.0839705304828705,-0.0771073462395909,1.54994718569487e-05,0.000109322698446217,-6.84210545862055e-05,-2.36534959865533e-05,2.95820921776263e-05,-4.933020250187e-05,0.00525337141090759,7.65712193977201e-06,-0.00951708094132603,7.45279137747816e-06,-4.40315292876359e-07,-5.14664561367347e-05
-0.0271816424566085,0.133888226991992,0.000460917074200692,-0.0286831889935702,0.0790705714921434,-0.0655444343238975,0.000109322698446217,0.000773083597781723,-0.000480690420390835,-0.000167603566957759,0.000218068122869563,-0.00034695883073019,7.65712193977201e-06,0.00442457864437542,-0.000780352445122406,8.35095660026969e-07,1.61899470198701e-05,-8.37881080058787e-06
0.0246892350649855,0.000460917074200692,0.106749196329507,0.0209586170443058,-0.0651089545190461,-0.0177465941995446,-6.84210545862055e-05,-0.000480690420390835,0.000310898520201305,9.4305392895225e-05,-0.000147129102540297,0.00020716269026141,-0.00951708094132603,-0.000780352445122406,0.0177103695279317,-1.36242699501377e-05,-1.46196328051817e-06,9.53703055080893e-05
0.0532542847322508,-0.0286831889935702,0.0209586170443058,0.0599477408147768,-0.0368016506518709,0.0166647083534629,-2.36534959865533e-05,-0.000167603566957759,9.4305392895225e-05,0.000432356713899177,0.000191225885890944,0.00028005962105969,7.45279137747816e-06,8.35095660026969e-07,-1.36242699501377e-05,1.13893126241174e-08,2.53100646624011e-09,-7.89923121536865e-08
-0.0839705304828705,0.0790705714921434,-0.0651089545190461,-0.0368016506518709,0.135456458290254,0.00149522782650735,2.95820921776263e-05,0.000218068122869563,-0.000147129102540297,0.000191225885890944,0.000565743956067888,-0.000114663653355613,-4.40315292876359e-07,1.61899470198701e-05,-1.46196328051817e-06,2.53100646624011e-09,6.93131259475156e-08,-2.78712137296138e-08
-0.0771073462395909,-0.0655444343238975,-0.0177465941995446,0.0166647083534629,0.00149522782650735,0.123159675460611,-4.933020250187e-05,-0.00034695883073019,0.00020716269026141,0.00028005962105969,-0.000114663653355613,0.000443064090010537,-5.14664561367347e-05,-8.37881080058787e-06,9.53703055080893e-05,-7.89923121536865e-08,-2.78712137296138e-08,5.5264754101673e-07
