V1.1,V2.1,V3.1,V4.1,V5.1,V6.1,V1.2,V2.2,V3.2,V4.2,V5.2,V6.2,V1.3,V2.3,V3.3,V4.3,V5.3,V6.3,V1.4,V2.4,V3.4,V4.4,V5.4,V6.4
0.0663150439442304,-0.0731298727750433,0.0555863491112986,0.0353851134988525,-0.0922665952241375,0.00569175599199288,0.0467366313118626,-0.0502843532647252,-0.0646803077301168,0.0273678613530393,-0.000562548728151575,0.0225792667500976,1.65164340241697e-05,0.000116423714605905,-7.31346307998064e-05,-6.67812688592202e-06,4.03930469502524e-05,-4.27655581173369e-05,0.00525337119587714,7.65770890795649e-06,-0.00951708076163681,7.45279193744676e-06,-4.40314482007873e-07,-5.14664602426266e-05
-0.0731298727750433,0.165020272532974,-0.0783685842945482,-0.0428312678227096,0.152923543782192,-0.0346159197944826,-0.0502843532647252,0.0715306972649335,0.0718113660196624,-0.0284123704933617,0.0183741526458251,-0.0358205629060279,0.000116423714605905,0.00082290575192502,-0.000513398604809518,-4.64089126985104e-05,0.000296054243101743,-0.000299538394283016,7.65770890795649e-06,0.00442458000488635,-0.000780353712696755,8.35096528432032e-07,1.61899523367378e-05,-8.37881763101063e-06
0.0555863491112986,-0.0783685842945482,0.0701866959334786,0.0276045421547101,-0.0984824497447218,0.00432040710316769,-0.0646803077301168,0.0718113660196624,0.133879996788468,0.00111197568738659,-0.00930906120790443,0.00275855838207521,-7.31346307998064e-05,-0.000513398604809518,0.000333749066502145,2.29622719314226e-05,-0.000195187406296401,0.000179960751935573,-0.00951708076163681,-0.000780353712696755,0.0177103697225334,-1.36242712150455e-05,-1.46196543056926e-06,9.53703150949648e-05
0.0353851134988525,-0.0428312678227096,0.0276045421547101,0.022776581692001,-0.0504998068446622,0.00617388914848377,0.0273678613530393,-0.0284123704933617,0.00111197568738659,0.0951691756372098,-0.00478300448510075,0.0699954686708436,-6.67812688592202e-06,-4.64089126985104e-05,2.29622719314226e-05,5.47778952477392e-05,6.109645730138e-05,3.93805092469324e-05,7.45279193744676e-06,8.35096528432032e-07,-1.36242712150455e-05,1.13893145589984e-08,2.53100829648338e-09,-7.89923258701625e-08
-0.0922665952241375,0.152923543782192,-0.0984824497447218,-0.0504998068446622,0.184676159424899,-0.0207622271397734,-0.000562548728151575,0.0183741526458251,-0.00930906120790443,-0.00478300448510075,0.0546715977579102,-0.0343857817888357,4.03930469502524e-05,0.000296054243101743,-0.000195187406296401,6.109645730138e-05,0.000581492485301502,-0.000227381105584569,-4.40314482007873e-07,1.61899523367378e-05,-1.46196543056926e-06,2.53100829648338e-09,6.93131494328593e-08,-2.7871229839459e-08
0.00569175599199288,-0.0346159197944826,0.00432040710316769,0.00617388914848377,-0.0207622271397734,0.0223696220360266,0.0225792667500976,-0.0358205629060279,0.00275855838207521,0.0699954686708436,-0.0343857817888357,0.0736279776178633,-4.27655581173369e-05,-0.000299538394283016,0.000179960751935573,3.93805092469324e-05,-0.000227381105584569,0.000322361095753722,-5.14664602426266e-05,-8.37881763101063e-06,9.53703150949648e-05,-7.89923258701625e-08,-2.7871229839459e-08,5.52647639810107e-07
