V1.1,V2.1,V3.1,V4.1,V5.1,V6.1,V1.2,V2.2,V3.2,V4.2,V5.2,V6.2,V1.3,V2.3,V3.3,V4.3,V5.3,V6.3,V1.4,V2.4,V3.4,V4.4,V5.4,V6.4,V1.5,V2.5,V3.5,V4.5,V5.5,V6.5,V1.6,V2.6,V3.6,V4.6,V5.6,V6.6,V1.7,V2.7,V3.7,V4.7,V5.7,V6.7
0.00252882870741637,0.00153350150777239,-0.00384359280144299,0.00195624203540731,0.0019101886269173,-0.00109669467991691,0.0370020017118123,-0.0385727162874273,0.0223805955106738,0.0185203736501745,-0.0404525330498743,0.00659411421431058,0.012474760516436,0.0152224045475894,-0.015589747155797,0.0124283727186471,0.0114223572417868,-0.0024879425625886,1.54994728464919e-05,0.000109322705384459,-6.84210596902041e-05,-2.36534974355359e-05,2.9582102648383e-05,-4.93302136660287e-05,0.014242785880433,-0.00537409633884101,-0.0223403905720464,0.0101087068171066,0.0107329592543947,1.77681586535433e-05,0.00525337141689824,7.65712079781346e-06,-0.00951708095053603,7.4527913845423e-06,-4.40315295202642e-07,-5.14664561828451e-05,0.00274034557552893,0.00191039246465833,0.00613923277031287,0.00329689971362563,0.00600232712884961,-0.000572532205602661
0.00153350150777239,0.00742100184478342,-0.00352192100287242,0.00103573637982594,0.00205146193766921,-0.00325841567714161,-0.0385727162874273,0.115599187883767,-0.0187953330843206,-0.0272405195038398,0.0759480696604415,-0.042964829485956,0.0152224045475894,0.0475629525762529,-0.0338799801740813,0.0238511350607596,0.0440589087613065,-0.0190102015923883,0.000109322705384459,0.000773083646220136,-0.000480690456798945,-0.000167603576548751,0.000218068197509189,-0.000346958910343325,-0.00537409633884101,0.0114387997804655,0.00848566735366008,-0.0010441956770794,0.00222266696169587,-0.00242847210311536,7.65712079781346e-06,0.00442457864724815,-0.000780352441323019,8.3509565829096e-07,1.61899470329216e-05,-8.37881078755357e-06,0.00191039246465833,0.00217797228398081,0.00386466050969035,0.00360507417170162,0.00695403320809003,-0.000878116319656887
-0.00384359280144299,-0.00352192100287242,0.0123110502138796,-0.00459274405258258,-0.00809400868488841,-1.29118927818471e-05,0.0223805955106738,-0.0187953330843206,0.0241685330328005,0.0102261909226662,-0.0235230570543232,-0.000644055921469906,-0.015589747155797,-0.0338799801740813,0.0342229201675648,-0.0224327817245724,-0.0351287471265508,0.0129528511307736,-6.84210596902041e-05,-0.000480690456798945,0.000310898544631638,9.4305401900134e-05,-0.00014712914698064,0.000207162741023534,-0.0223403905720464,0.00848566735366008,0.041220139349585,-0.0130999584562933,-0.0154768288719426,0.00146989894999101,-0.00951708095053603,-0.000780352441323019,0.0177103695363179,-1.362426995832e-05,-1.46196327579949e-06,9.53703055527929e-05,0.00613923277031287,0.00386466050969035,0.014074512934355,0.00639933857252985,0.0121809561956858,-0.00096061512322067
0.00195624203540731,0.00103573637982594,-0.00459274405258258,0.00500346865753076,0.00415439712661012,-0.00110741013305038,0.0185203736501745,-0.0272405195038398,0.0102261909226662,0.0132964039727445,-0.0254223814858562,0.00940744142203471,0.0124283727186471,0.0238511350607596,-0.0224327817245724,0.0200269910531564,0.0254425611190619,-0.00765570470702401,-2.36534974355359e-05,-0.000167603576548751,9.4305401900134e-05,0.000432356746571301,0.000191225902529186,0.000280059615580831,0.0101087068171066,-0.0010441956770794,-0.0130999584562933,0.0141257117182452,0.0128265905637315,0.00113685781137889,7.4527913845423e-06,8.3509565829096e-07,-1.362426995832e-05,1.13893126320793e-08,2.53100646509771e-09,-7.89923122019425e-08,0.00329689971362563,0.00360507417170162,0.00639933857252985,0.02290039871369,0.0323055423243733,-0.00204448335645368
0.0019101886269173,0.00205146193766921,-0.00809400868488841,0.00415439712661012,0.012921730971796,0.00254975234500596,-0.0404525330498743,0.0759480696604415,-0.0235230570543232,-0.0254223814858562,0.0840114940284624,-0.0233516261471492,0.0114223572417868,0.0440589087613065,-0.0351287471265508,0.0254425611190619,0.0549138051151025,-0.0217918234204657,2.9582102648383e-05,0.000218068197509189,-0.00014712914698064,0.000191225902529186,0.000565744011685653,-0.000114663697453545,0.0107329592543947,0.00222266696169587,-0.0154768288719426,0.0128265905637315,0.0290155723073171,-0.00946335300402431,-4.40315295202642e-07,1.61899470329216e-05,-1.46196327579949e-06,2.53100646509771e-09,6.93131260061647e-08,-2.78712137272919e-08,0.00600232712884961,0.00695403320809003,0.0121809561956858,0.0323055423243733,0.0604135633466681,-0.0077032494121206
-0.00109669467991691,-0.00325841567714161,-1.29118927818471e-05,-0.00110741013305038,0.00254975234500596,0.0118069076978411,0.00659411421431058,-0.042964829485956,-0.000644055921469906,0.00940744142203471,-0.0233516261471492,0.0294731569844687,-0.0024879425625886,-0.0190102015923883,0.0129528511307736,-0.00765570470702401,-0.0217918234204657,0.0127537747240123,-4.93302136660287e-05,-0.000346958910343325,0.000207162741023534,0.000280059615580831,-0.000114663697453545,0.000443064073527917,1.77681586535433e-05,-0.00242847210311536,0.00146989894999101,0.00113685781137889,-0.00946335300402431,0.00735473618028743,-5.14664561828451e-05,-8.37881078755357e-06,9.53703055527929e-05,-7.89923122019425e-08,-2.78712137272919e-08,5.52647541296244e-07,-0.000572532205602661,-0.000878116319656887,-0.00096061512322067,-0.00204448335645368,-0.0077032494121206,0.00760686039887462
