V1.1,V2.1,V3.1,V4.1,V5.1,V6.1,V1.2,V2.2,V3.2,V4.2,V5.2,V6.2,V1.3,V2.3,V3.3,V4.3,V5.3,V6.3,V1.4,V2.4,V3.4,V4.4,V5.4,V6.4,V1.5,V2.5,V3.5,V4.5,V5.5,V6.5,V1.6,V2.6,V3.6,V4.6,V5.6,V6.6,V1.7,V2.7,V3.7,V4.7,V5.7,V6.7,V1.8,V2.8,V3.8,V4.8,V5.8,V6.8,V1.9,V2.9,V3.9,V4.9,V5.9,V6.9,V1.10,V2.10,V3.10,V4.10,V5.10,V6.10
0.00256004313793866,0.00171613000402711,-0.00399235076981985,0.00198225807585195,0.00225338840192623,-0.000961848508225551,0.0442638863528493,-0.0136787011736729,0.00555353961635071,0.0293683433108045,-0.0178550167081803,-0.0112753704263976,0.0300288950240215,0.0142994896052463,-0.00867770890050455,0.0209557244471685,-0.00167974129284065,-0.0101057641725348,4.62518582967654e-05,0.000184153323743216,-0.000144082473352707,4.30614767565167e-05,-5.71300780270784e-05,8.60754785910589e-05,1.54984356638296e-05,0.000109315544998523,-6.84163607095887e-05,-2.36462938488809e-05,2.95877434373423e-05,-4.93287353970884e-05,0.0142426848628682,-0.00537403774761759,-0.0223402268480815,0.0101086308893886,0.0107328758980029,1.77872115098009e-05,0.00105822883515167,-0.000438554200960882,-0.0014122981815623,9.99074122059782e-05,0.000155887684345432,2.24750499070306e-05,0.00214764831126736,0.00137246692770487,0.00477488865727724,0.000128491352292242,0.0014118212509392,0.000117778664448735,0.00127804034537467,0.000365036842027044,0.00317442230693468,0.000559478261424002,-0.00266473926289515,0.00131118708163898,0.00142302451415507,0.000527803658109682,-0.00219123650732949,3.25817759629056e-06,2.90861759892472e-06,-2.13971334846234e-05
0.00171613000402711,0.00778832319027587,-0.00400979050602848,0.00119314189888481,0.00297207334014344,-0.00290958048399062,-0.0136787011736729,0.112725722743948,-0.0123269866893405,-0.0116957448424501,0.066058586887935,-0.0453452342151346,0.0142994896052463,0.0429232747566599,-0.010070448844102,0.0130578067398909,0.0175462869685512,-0.0190970101122813,0.000184153323743216,0.00182308921235678,-0.000989965788510026,0.000466620673623582,0.000403925917776415,-0.000157128197179388,0.000109315544998523,0.000773034032000543,-0.0004806582000676,-0.000167551815663411,0.000218108658074367,-0.000346949450311467,-0.00537403774761759,0.0114387899434377,0.00848556700929796,-0.0010441479869756,0.00222272672430522,-0.00242848969744292,-0.000438554200960882,0.00150501037285992,0.000389483829844888,2.68492067341979e-05,4.49192735470778e-05,8.51125202488265e-06,0.00137246692770487,0.0013641626737862,0.00281814327698027,0.000841678910172293,0.00153104242375967,-0.000206852469826646,0.000365036842027044,0.0011514155266682,0.000356968968328546,0.000186091079810691,-8.58813007736329e-05,0.00101968859565868,0.000527803658109682,0.0104835259234968,-0.00226347358832661,2.42677437369802e-06,4.59252937794887e-05,-2.34294562972294e-05
-0.00399235076981985,-0.00400979050602848,0.0127370855811767,-0.00469956731644199,-0.0091950291568588,-0.000468335370188331,0.00555353961635071,-0.0123269866893405,0.0176622138362665,3.2096802789431e-06,-0.0110176671168881,-0.00197155858793976,-0.00867770890050455,-0.010070448844102,0.0135559450450102,-0.00867930613554641,-0.00911529911687841,3.58772321930462e-05,-0.000144082473352707,-0.000989965788510026,0.000687759798156443,-0.000352313645040497,-0.00049476469872744,1.17787671668175e-05,-6.84163607095887e-05,-0.0004806582000676,0.000310876243584322,9.42754583459286e-05,-0.000147150717620393,0.000207156808525042,-0.0223402268480815,0.00848556700929796,0.0412198753028659,-0.0130998292502352,-0.0154766923457686,0.00146987232387516,-0.0014122981815623,0.000389483829844888,0.00225932982614251,-7.07854875135288e-05,-0.000108988757723652,-1.29179498999546e-05,0.00477488865727724,0.00281814327698027,0.0108353660458367,-0.000769983185411295,0.00229100254076387,0.000591269457934776,0.00317442230693468,0.000356968968328546,0.00828952146480696,0.00121518066220515,-0.00631420925582062,0.00294729716691853,-0.00219123650732949,-0.00226347358832661,0.00398211284316335,-5.27113064524289e-06,-1.11239896684857e-05,3.74110472550313e-05
0.00198225807585195,0.00119314189888481,-0.00469956731644199,0.00495810406396782,0.00449096823676492,-0.000918165743573016,0.0293683433108045,-0.0116957448424501,3.2096802789431e-06,0.0248192308946213,-0.0134394198748835,-0.00288640862850834,0.0209557244471685,0.0130578067398909,-0.00867930613554641,0.0197600113931831,0.00528979329606708,-0.00790478420155453,4.30614767565167e-05,0.000466620673623582,-0.000352313645040497,0.00036193111972872,0.00107352732552134,-0.000153581247396045,-2.36462938488809e-05,-0.000167551815663411,9.42754583459286e-05,0.000432330153482732,0.000191254093938084,0.000280002351907949,0.0101086308893886,-0.0010441479869756,-0.0130998292502352,0.0141256698436749,0.0128265394568247,0.00113687505330553,9.99074122059782e-05,2.68492067341979e-05,-7.07854875135288e-05,4.05670713696143e-05,6.41196244870962e-05,1.0410536753692e-05,0.000128491352292242,0.000841678910172293,-0.000769983185411295,0.019004836946816,0.0193882965087992,0.00149211193330762,0.000559478261424002,0.000186091079810691,0.00121518066220515,0.00152520543820358,-0.00115647768390877,0.00202784641140319,3.25817759629056e-06,2.42677437369802e-06,-5.27113064524289e-06,7.74969508980078e-09,1.20134841877785e-08,-5.21580317146355e-08
0.00225338840192623,0.00297207334014344,-0.0091950291568588,0.00449096823676492,0.0153680037132489,0.00354469845878046,-0.0178550167081803,0.066058586887935,-0.0110176671168881,-0.0134394198748835,0.0669201187185463,-0.0216017896593976,-0.00167974129284065,0.0175462869685512,-0.00911529911687841,0.00528979329606708,0.0231777807401859,-0.00273583180259227,-5.71300780270784e-05,0.000403925917776415,-0.00049476469872744,0.00107352732552134,0.00487778235394227,-0.0011760522758631,2.95877434373423e-05,0.000218108658074367,-0.000147150717620393,0.000191254093938084,0.000565782479419041,-0.000114700304574991,0.0107328758980029,0.00222272672430522,-0.0154766923457686,0.0128265394568247,0.0290155507959358,-0.0094633586449002,0.000155887684345432,4.49192735470778e-05,-0.000108988757723652,6.41196244870962e-05,0.000101353659821505,1.64631231845232e-05,0.0014118212509392,0.00153104242375967,0.00229100254076387,0.0193882965087992,0.0244376730678828,0.000589529196787432,-0.00266473926289515,-8.58813007736329e-05,-0.00631420925582062,-0.00115647768390877,0.0118643949805009,-0.00176270150563786,2.90861759892472e-06,4.59252937794887e-05,-1.11239896684857e-05,1.20134841877785e-08,2.06347037374808e-07,-1.13015240543788e-07
-0.000961848508225551,-0.00290958048399062,-0.000468335370188331,-0.000918165743573016,0.00354469845878046,0.0120034215565156,-0.0112753704263976,-0.0453452342151346,-0.00197155858793976,-0.00288640862850834,-0.0216017896593976,0.0340071647535194,-0.0101057641725348,-0.0190970101122813,3.58772321930462e-05,-0.00790478420155453,-0.00273583180259227,0.017169551036587,8.60754785910589e-05,-0.000157128197179388,1.17787671668175e-05,-0.000153581247396045,-0.0011760522758631,0.000701603320965815,-4.93287353970884e-05,-0.000346949450311467,0.000207156808525042,0.000280002351907949,-0.000114700304574991,0.000443035693119752,1.77872115098009e-05,-0.00242848969744292,0.00146987232387516,0.00113687505330553,-0.0094633586449002,0.00735475106502813,2.24750499070306e-05,8.51125202488265e-06,-1.29179498999546e-05,1.0410536753692e-05,1.64631231845232e-05,2.68572418130643e-06,0.000117778664448735,-0.000206852469826646,0.000591269457934776,0.00149211193330762,0.000589529196787432,0.00437910348849412,0.00131118708163898,0.00101968859565868,0.00294729716691853,0.00202784641140319,-0.00176270150563786,0.00960219532362212,-2.13971334846234e-05,-2.34294562972294e-05,3.74110472550313e-05,-5.21580317146355e-08,-1.13015240543788e-07,3.6395700955854e-07
