V1.1,V2.1,V3.1,V4.1,V5.1,V6.1,V1.2,V2.2,V3.2,V4.2,V5.2,V6.2,V1.3,V2.3,V3.3,V4.3,V5.3,V6.3,V1.4,V2.4,V3.4,V4.4,V5.4,V6.4,V1.5,V2.5,V3.5,V4.5,V5.5,V6.5,V1.6,V2.6,V3.6,V4.6,V5.6,V6.6,V1.7,V2.7,V3.7,V4.7,V5.7,V6.7,V1.8,V2.8,V3.8,V4.8,V5.8,V6.8,V1.9,V2.9,V3.9,V4.9,V5.9,V6.9,V1.10,V2.10,V3.10,V4.10,V5.10,V6.10,V1.11,V2.11,V3.11,V4.11,V5.11,V6.11,V1.12,V2.12,V3.12,V4.12,V5.12,V6.12
0.00356498864593336,0.00160176403230356,-0.00130283031357653,0.00222261565997185,0.00155690283727951,-0.00215166259437245,0.103974933973769,0.0210978621190569,0.00477057792673379,0.0837564470386736,-0.00972059705662494,-0.0362577413908673,0.0150983100058817,-0.0242170210741214,0.0030361904121214,0.0045422059720246,-0.0123345396356183,0.00448146965297782,0.0263064056985435,0.00347148581294239,0.0181117465409562,0.0123716843739764,-0.0175004470948561,-0.00461220283276342,0.000843399697477399,0.00233886954389936,-0.00143920398654242,-6.46550394261645e-05,-0.000720673315022464,-7.47727981563752e-05,4.6251855382955e-05,0.000184153335112372,-0.000144082477885713,4.30614926737662e-05,-5.71299991076112e-05,8.60754512261334e-05,1.65147448990103e-05,0.000116412141931546,-7.31268403954095e-05,-6.67214325851044e-06,4.04013317158913e-05,-4.2767991127236e-05,0.0142427638475624,-0.00537407651800094,-0.0223403723377547,0.0101086860112076,0.0107329339367862,1.77707489129813e-05,0.00105821686753966,-0.000438552736175515,-0.00141228824442832,9.99037236122093e-05,0.000155881847393012,2.24740874077931e-05,0.00214764831126812,0.0013724669277053,0.00477488865727892,0.000128491352294821,0.00141182125094128,0.000117778664449795,0.00127804034537469,0.000365036842027052,0.00317442230693472,0.000559478261424006,-0.00266473926289515,0.00131118708163899,0.00142302451276876,0.000527803657388166,-0.00219123650419315,3.25817759363912e-06,2.90861759804744e-06,-2.13971334645239e-05
0.00160176403230356,0.00874249247811049,-0.00601295381970047,0.0012173193014665,0.0061094983572411,-0.0010750897277969,0.0210978621190569,0.0280152692489634,-0.000825356126807023,0.0136751391047656,0.00627076000448178,-0.0128946657806319,-0.0242170210741214,0.0608166960601162,0.00226815485647395,-0.00578675027550005,0.0281133501398316,-0.015318142377373,0.00347148581294239,0.0378264788765552,0.0167617890534958,-0.00390406393132092,0.00479230219315373,-0.0156445311463978,0.00233886954389936,0.0116447463004376,-0.00463875638117181,0.00279256817861226,0.00442568417039503,-0.000852322936270613,0.000184153335112372,0.00182308924874373,-0.000989965827325254,0.000466620762492829,0.000403926344294552,-0.00015712824223215,0.000116412141931546,0.000822826123218126,-0.000513345558771008,-4.63660170726436e-05,0.000296113400867676,-0.00029955808545171,-0.00537407651800094,0.0114387792612945,0.00848565890883029,-0.0010441704522125,0.0022227085056457,-0.0024284729005585,-0.000438552736175515,0.00150502481102219,0.000389475966887341,2.68486456963613e-05,4.49184080958774e-05,8.51111026577337e-06,0.0013724669277053,0.00136416267378585,0.00281814327698161,0.000841678910173023,0.00153104242375982,-0.000206852469824642,0.000365036842027052,0.00115141552666821,0.000356968968328555,0.000186091079810697,-8.58813007736573e-05,0.0010196885956587,0.000527803657388166,0.0104835259261348,-0.00226347358716413,2.42677437257422e-06,4.59252937933066e-05,-2.34294562909276e-05
-0.00130283031357653,-0.00601295381970047,0.019107110700373,-0.00335334524815507,-0.0143955786678026,-0.00510163854853294,0.00477057792673379,-0.000825356126807023,0.0235596610626307,-2.33927482139219e-05,-0.00444908249666335,-0.010295129815047,0.0030361904121214,0.00226815485647395,0.00902851480835313,-0.00175352097741627,0.0018302838376367,-0.00141378349094268,0.0181117465409562,0.0167617890534958,0.0213430111365276,0.00578743650639614,-0.0124320284916697,-0.0101221614691208,-0.00143920398654242,-0.00463875638117181,0.00340647659869744,-0.00104321585302636,0.000346708339023252,-0.00107892673321982,-0.000144082477885713,-0.000989965827325254,0.000687759850990633,-0.000352313721769715,-0.00049476503081557,1.17788303941301e-05,-7.31268403954095e-05,-0.000513345558771008,0.000333711165005137,2.29379645066845e-05,-0.000195217732557012,0.000179971511030454,-0.0223403723377547,0.00848565890883029,0.0412201290752179,-0.0130999371332722,-0.015476810127723,0.00146989556171436,-0.00141228824442832,0.000389475966887341,0.00225932564056379,-7.07825618310615e-05,-0.000108984123411727,-1.29171648589152e-05,0.00477488865727892,0.00281814327698161,0.0108353660458401,-0.00076998318540546,0.00229100254076895,0.000591269457936016,0.00317442230693472,0.000356968968328555,0.00828952146480708,0.00121518066220516,-0.00631420925582066,0.00294729716691856,-0.00219123650419315,-0.00226347358716413,0.00398211283645933,-5.27113063921459e-06,-1.11239896682764e-05,3.74110472108135e-05
0.00222261565997185,0.0012173193014665,-0.00335334524815507,0.00460906546454067,0.00428470166524819,-0.000939093886331256,0.0837564470386736,0.0136751391047656,-2.33927482139219e-05,0.0713426151350697,-0.0108493041846692,-0.0246308673708294,0.0045422059720246,-0.00578675027550005,-0.00175352097741627,0.00394041277333757,-0.00298962292469642,0.000425610605809564,0.0123716843739764,-0.00390406393132092,0.00578743650639614,0.00862095720671072,-0.009715850364491,0.000153386412012335,-6.46550394261645e-05,0.00279256817861226,-0.00104321585302636,0.00517817336524289,0.00601397542048173,0.0018662594941356,4.30614926737662e-05,0.000466620762492829,-0.000352313721769715,0.000361931173385473,0.00107352749343936,-0.000153581271608634,-6.67214325851044e-06,-4.63660170726436e-05,2.29379645066845e-05,5.47781305459479e-05,6.11266783149579e-05,3.9342898991136e-05,0.0101086860112076,-0.0010441704522125,-0.0130999371332722,0.0141257018328518,0.0128265741843128,0.00113685970558961,9.99037236122093e-05,2.68486456963613e-05,-7.07825618310615e-05,4.05657423029247e-05,6.411752441707e-05,1.0410196516755e-05,0.000128491352294821,0.000841678910173023,-0.00076998318540546,0.0190048369468312,0.0193882965088103,0.00149211193331586,0.000559478261424006,0.000186091079810697,0.00121518066220516,0.0015252054382036,-0.00115647768390874,0.0020278464114032,3.25817759363912e-06,2.42677437257422e-06,-5.27113063921459e-06,7.74969508484466e-09,1.2013484187836e-08,-5.21580316770621e-08
0.00155690283727951,0.0061094983572411,-0.0143955786678026,0.00428470166524819,0.0221720424332712,0.0075416264899674,-0.00972059705662494,0.00627076000448178,-0.00444908249666335,-0.0108493041846692,0.0426595342986457,0.00139274221372278,-0.0123345396356183,0.0281133501398316,0.0018302838376367,-0.00298962292469642,0.0196325377259985,-0.0083278832482615,-0.0175004470948561,0.00479230219315373,-0.0124320284916697,-0.009715850364491,0.0194886838381097,0.00326493431695457,-0.000720673315022464,0.00442568417039503,0.000346708339023252,0.00601397542048173,0.0152242088578913,0.00062783729250739,-5.71299991076112e-05,0.000403926344294552,-0.00049476503081557,0.00107352749343936,0.00487778260437325,-0.00117605223792132,4.04013317158913e-05,0.000296113400867676,-0.000195217732557012,6.11266783149579e-05,0.000581528008978,-0.000227440751699884,0.0107329339367862,0.0022227085056457,-0.015476810127723,0.0128265741843128,0.0290155742084984,-0.00946336906106356,0.000155881847393012,4.49184080958774e-05,-0.000108984123411727,6.411752441707e-05,0.000101350341557967,1.64625856543734e-05,0.00141182125094128,0.00153104242375982,0.00229100254076895,0.0193882965088103,0.0244376730678909,0.000589529196794741,-0.00266473926289515,-8.58813007736573e-05,-0.00631420925582066,-0.00115647768390874,0.0118643949805007,-0.00176270150563777,2.90861759804744e-06,4.59252937933066e-05,-1.11239896682764e-05,1.2013484187836e-08,2.06347037442e-07,-1.13015240552821e-07
-0.00215166259437245,-0.0010750897277969,-0.00510163854853294,-0.000939093886331256,0.0075416264899674,0.0137082861908378,-0.0362577413908673,-0.0128946657806319,-0.010295129815047,-0.0246308673708294,0.00139274221372278,0.0237929027202903,0.00448146965297782,-0.015318142377373,-0.00141378349094268,0.000425610605809564,-0.0083278832482615,0.00584471879368299,-0.00461220283276342,-0.0156445311463978,-0.0101221614691208,0.000153386412012335,0.00326493431695457,0.0178532254797193,-7.47727981563752e-05,-0.000852322936270613,-0.00107892673321982,0.0018662594941356,0.00062783729250739,0.00327957643698396,8.60754512261334e-05,-0.00015712824223215,1.17788303941301e-05,-0.000153581271608634,-0.00117605223792132,0.000701603224515161,-4.2767991127236e-05,-0.00029955808545171,0.000179971511030454,3.9342898991136e-05,-0.000227440751699884,0.00032236648577112,1.77707489129813e-05,-0.0024284729005585,0.00146989556171436,0.00113685970558961,-0.00946336906106356,0.00735474619035068,2.24740874077931e-05,8.51111026577337e-06,-1.29171648589152e-05,1.0410196516755e-05,1.64625856543734e-05,2.68563723341717e-06,0.000117778664449795,-0.000206852469824642,0.000591269457936016,0.00149211193331586,0.000589529196794741,0.00437910348849386,0.00131118708163899,0.0010196885956587,0.00294729716691856,0.0020278464114032,-0.00176270150563777,0.00960219532362224,-2.13971334645239e-05,-2.34294562909276e-05,3.74110472108135e-05,-5.21580316770621e-08,-1.13015240552821e-07,3.63957009279409e-07
